0 141.333899083703
0.03125 140.575956326441
0.0625 139.822078250243
0.09375 139.072243057115
0.125 138.326429065959
0.15625 137.584614711949
0.1875 136.846778545908
0.21875 136.112899233684
0.25 135.382955555537
0.28125 134.656926405522
0.3125 133.934790790882
0.34375 133.216527831441
0.375 132.502116758994
0.40625 131.791536916717
0.4375 131.08476775856
0.46875 130.381788848659
0.5 129.682579860742
0.53125 128.987120577543
0.5625 128.295390890217
0.59375 127.607370797757
0.625 126.923040406418
0.65625 126.242379929141
0.6875 125.565369684981
0.71875 124.891990098536
0.75 124.222221699384
0.78125 123.556045121518
0.8125 122.893441102788
0.84375 122.234390484339
0.875 121.578874210066
0.90625 120.926873326053
0.9375 120.278368980032
0.96875 119.633342420837
1 118.991774997856
1.03125 118.353648160501
1.0625 117.718943457664
1.09375 117.087642537186
1.125 116.459727145329
1.15625 115.835179126242
1.1875 115.213980421444
1.21875 114.596113069295
1.25 113.98155920448
1.28125 113.370301057493
1.3125 112.762320954119
1.34375 112.157601314929
1.375 111.556124654768
1.40625 110.957873582248
1.4375 110.362830799249
1.46875 109.770979100417
1.5 109.182301372667
1.53125 108.596780594686
1.5625 108.014399836444
1.59375 107.435142258702
1.625 106.858991112528
1.65625 106.285929738808
1.6875 105.71594156777
1.71875 105.149010118501
1.75 104.585118998471
1.78125 104.024251903059
1.8125 103.466392615085
1.84375 102.911525004334
1.875 102.359633027098
1.90625 101.810700725705
1.9375 101.264712228062
1.96875 100.721651747193
2 100.181503580786
2.03125 99.6442521107358
2.0625 99.1098818026941
2.09375 98.5783772056198
2.125 98.0497229513325
2.15625 97.5239037540677
2.1875 97.0009044100356
2.21875 96.4807097969804
2.25 95.9633048737441
2.28125 95.4486746798309
2.3125 94.9368043349749
2.34375 94.4276790387099
2.375 93.9212840699414
2.40625 93.4176047865207
2.4375 92.9166266248219
2.46875 92.4183350993205
2.5 91.9227158021748
2.53125 91.4297544028093
2.5625 90.9394366475
2.59375 90.4517483589626
2.625 89.9666754359428
2.65625 89.4842038528075
2.6875 89.0043196591407
2.71875 88.527008979339
2.75 88.0522580122112
2.78125 87.5800530305785
2.8125 87.1103803808781
2.84375 86.6432264827683
2.875 86.1785778287359
2.90625 85.7164209837052
2.9375 85.2567425846502
2.96875 84.7995293402077
3 84.3447680302933
3.03125 83.8924455057189
3.0625 83.4425486878127
3.09375 82.9950645680409
3.125 82.5499802076316
3.15625 82.1072827372008
3.1875 81.6669593563802
3.21875 81.2289973334468
3.25 80.7933840049554
3.28125 80.3601067753718
3.3125 79.9291531167092
3.34375 79.5005105681654
3.375 79.0741667357628
3.40625 78.65010929199
3.4375 78.2283259754453
3.46875 77.8088045904824
3.5 77.3915330068574
3.53125 76.9764991593784
3.5625 76.5636910475562
3.59375 76.1530967352578
3.625 75.7447043503611
3.65625 75.3385020844115
3.6875 74.9344781922806
3.71875 74.5326209918266
3.75 74.1329188635563
3.78125 73.7353602502895
3.8125 73.3399336568246
3.84375 72.946627649606
3.875 72.555430856394
3.90625 72.1663319659357
3.9375 71.779319727638
3.96875 71.3943829512421
4 71.0115105065004
4.03125 70.6306913228539
4.0625 70.2519143891132
4.09375 69.875168753139
4.125 69.5004435215262
4.15625 69.1277278592885
4.1875 68.7570109895453
4.21875 68.3882821932101
4.25 68.0215308086805
4.28125 67.6567462315299
4.3125 67.2939179142009
4.34375 66.9330353657004
4.375 66.5740881512962
4.40625 66.2170658922153
4.4375 65.8619582653436
4.46875 65.508755002928
4.5 65.1574458922786
4.53125 64.8080207754743
4.5625 64.4604695490686
4.59375 64.1147821637976
4.625 63.7709486242892
4.65625 63.4289589887746
4.6875 63.0888033688003
4.71875 62.7504719289427
4.75 62.4139548865229
4.78125 62.0792425113249
4.8125 61.7463251253134
4.84375 61.4151931023545
4.875 61.0858368679369
4.90625 60.7582468988956
4.9375 60.4324137231359
4.96875 60.1083279193602
5 59.7859801167951
5.03125 59.4653609949205
5.0625 59.1464612832005
5.09375 58.8292717608148
5.125 58.5137832563925
5.15625 58.1999866477466
5.1875 57.8878728616106
5.21875 57.5774328733756
5.25 57.2686577068301
5.28125 56.9615384338997
5.3125 56.6560661743897
5.34375 56.3522320957276
5.375 56.0500274127082
5.40625 55.7494433872393
5.4375 55.4504713280895
5.46875 55.1531025906362
5.5 54.8573285766161
5.53125 54.5631407338768
5.5625 54.2705305561288
5.59375 53.9794895827003
5.625 53.690009398292
5.65625 53.4020816327341
5.6875 53.1156979607443
5.71875 52.8308501016867
5.75 52.547529819333
5.78125 52.2657289216235
5.8125 51.9854392604313
5.84375 51.7066527313256
5.875 51.4293612733383
5.90625 51.1535568687302
5.9375 50.8792315427596
5.96875 50.6063773634516
6 50.3349864413688
6.03125 50.0650509293831
6.0625 49.7965630224486
6.09375 49.5295149573766
6.125 49.2638990126102
6.15625 48.9997075080019
6.1875 48.7369328045909
6.21875 48.4755673043827
6.25 48.2156034501289
6.28125 47.9570337251093
6.3125 47.6998506529138
6.34375 47.4440467972272
6.375 47.1896147616131
6.40625 46.9365471893008
6.4375 46.6848367629725
6.46875 46.4344762045512
6.5 46.1854582749911
6.53125 45.9377757740675
6.5625 45.6914215401689
6.59375 45.4463884500901
6.625 45.202669418826
6.65625 44.960257399367
6.6875 44.7191453824949
6.71875 44.4793263965804
6.75 44.2407935073815
6.78125 44.0035398178433
6.8125 43.767558467898
6.84375 43.5328426342668
6.875 43.2993855302629
6.90625 43.0671804055949
6.9375 42.8362205461717
6.96875 42.6064992739084
7 42.3780099465333
7.03125 42.1507459573956
7.0625 41.9247007352747
7.09375 41.6998677441899
7.125 41.4762404832116
7.15625 41.253812486273
7.1875 41.0325773219839
7.21875 40.8125285934439
7.25 40.5936599380577
7.28125 40.3759650273514
7.3125 40.1594375667893
7.34375 39.9440712955918
7.375 39.7298599865547
7.40625 39.5167974458687
7.4375 39.3048775129407
7.46875 39.0940940602154
7.5 38.8844409929983
7.53125 38.6759122492794
7.5625 38.4685017995579
7.59375 38.2622036466681
7.625 38.0570118256055
7.65625 37.8529204033547
7.6875 37.6499234787179
7.71875 37.4480151821438
7.75 37.2471896755587
7.78125 37.0474411521969
7.8125 36.848763836433
7.84375 36.6511519836153
7.875 36.4545998798994
7.90625 36.2591018420827
7.9375 36.0646522174407
7.96875 35.8712453835629
8 35.678875748191
8.03125 35.4875377490563
8.0625 35.2972258537195
8.09375 35.1079345594108
8.125 34.9196583928701
8.15625 34.7323919101896
8.1875 34.5461296966557
8.21875 34.3608663665929
8.25 34.1765965632078
8.28125 33.9933149584344
8.3125 33.8110162527799
8.34375 33.6296951751715
8.375 33.4493464828041
8.40625 33.2699649609884
8.4375 33.0915454230005
8.46875 32.9140827099319
8.5 32.7375716905399
8.53125 32.5620072610998
8.5625 32.3873843452568
8.59375 32.2136978938797
8.625 32.0409428849145
8.65625 31.8691143232396
8.6875 31.698207240521
8.71875 31.5282166950687
8.75 31.3591377716941
8.78125 31.1909655815676
8.8125 31.0236952620772
8.84375 30.8573219766883
8.875 30.6918409148032
8.90625 30.5272472916228
8.9375 30.3635363480075
8.96875 30.20070335034
9 30.0387435903886
9.03125 29.8776523851704
9.0625 29.7174250768166
9.09375 29.5580570324375
9.125 29.3995436439885
9.15625 29.241880328137
9.1875 29.0850625261297
9.21875 28.929085703661
9.25 28.7739453507418
9.28125 28.619636981569
9.3125 28.4661561343959
9.34375 28.3134983714033
9.375 28.1616592785708
9.40625 28.0106344655496
9.4375 27.8604195655355
9.46875 27.7110102351422
9.5 27.5624021542762
9.53125 27.4145910260118
9.5625 27.2675725764667
9.59375 27.1213425546783
9.625 26.9758967324813
9.65625 26.831230904385
9.6875 26.6873408874518
9.71875 26.5442225211762
9.75 26.4018716673647
9.78125 26.260284210016
9.8125 26.1194560552021
9.84375 25.9793831309496
9.875 25.8400613871225
9.90625 25.7014867953045
9.9375 25.563655348683
9.96875 25.4265630619331
10 25.2902059711021
10.03125 25.1545801334954
10.0625 25.0196816275619
10.09375 24.8855065527812
10.125 24.7520510295503
10.15625 24.619311199072
10.1875 24.4872832232425
10.21875 24.3559632845413
10.25 24.2253475859202
10.28125 24.095432350694
10.3125 23.9662138224308
10.34375 23.8376882648437
10.375 23.7098519616826
10.40625 23.582701216627
10.4375 23.4562323531788
10.46875 23.3304417145564
10.5 23.2053256635884
10.53125 23.0808805826089
10.5625 22.9571028733528
10.59375 22.8339889568517
10.625 22.7115352733303
10.65625 22.5897382821037
10.6875 22.4685944614749
10.71875 22.3481003086331
10.75 22.228252339552
10.78125 22.1090470888897
10.8125 21.9904811098881
10.84375 21.8725509742731
10.875 21.7552532721558
10.90625 21.638584611934
10.9375 21.5225416201936
10.96875 21.4071209416115
11 21.2923192388585
11.03125 21.1781331925029
11.0625 21.064559500914
11.09375 20.9515948801674
11.125 20.8392360639495
11.15625 20.7274798034633
11.1875 20.6163228673342
11.21875 20.5057620415169
11.25 20.3957941292024
11.28125 20.2864159507254
11.3125 20.1776243434724
11.34375 20.0694161617903
11.375 19.9617882768956
11.40625 19.8547375767837
11.4375 19.7482609661388
11.46875 19.6423553662449
11.5 19.5370177148964
11.53125 19.4322449663095
11.5625 19.3280340910344
11.59375 19.2243820758676
11.625 19.1212859237647
11.65625 19.0187426537537
11.6875 18.916749300849
11.71875 18.8153029159656
11.75 18.7144005658338
11.78125 18.6140393329142
11.8125 18.5142163153138
11.84375 18.4149286267016
11.875 18.3161733962255
11.90625 18.217947768429
11.9375 18.120248903169
11.96875 18.0230739755332
12 17.926420175759
12.03125 17.8302847091516
12.0625 17.7346647960039
12.09375 17.6395576715154
12.125 17.5449605857129
12.15625 17.4508708033705
12.1875 17.3572856039309
12.21875 17.2642022814264
12.25 17.171618144401
12.28125 17.0795305158321
12.3125 16.9879367330536
12.34375 16.8968341476787
12.375 16.8062201255233
12.40625 16.7160920465297
12.4375 16.6264473046912
12.46875 16.5372833079764
12.5 16.4485974782546
12.53125 16.3603872512207
12.5625 16.2726500763217
12.59375 16.1853834166826
12.625 16.0985847490331
12.65625 16.0122515636345
12.6875 15.9263813642075
12.71875 15.8409716678597
12.75 15.7560200050139
12.78125 15.6715239193367
12.8125 15.5874809676675
12.84375 15.5038887199478
12.875 15.4207447591509
12.90625 15.3380466812124
12.9375 15.25579209496
12.96875 15.1739786220449
13 15.0926038968729
13.03125 15.0116655665359
13.0625 14.9311612907439
13.09375 14.8510887417575
13.125 14.7714456043202
13.15625 14.692229575592
13.1875 14.6134383650824
13.21875 14.5350696945843
13.25 14.4571212981081
13.28125 14.3795909218163
13.3125 14.302476323958
13.34375 14.2257752748047
13.375 14.1494855565851
13.40625 14.0736049634215
13.4375 13.9981313012658
13.46875 13.9230623878361
13.5 13.8483960525537
13.53125 13.7741301364799
13.5625 13.7002624922544
13.59375 13.6267909840323
13.625 13.553713487423
13.65625 13.4810278894285
13.6875 13.4087320883823
13.71875 13.3368239938887
13.75 13.2653015267625
13.78125 13.1941626189683
13.8125 13.1234052135616
13.84375 13.0530272646285
13.875 12.983026737227
13.90625 12.9134016073281
13.9375 12.8441498617572
13.96875 12.7752694981359
14 12.7067585248241
14.03125 12.6386149608624
14.0625 12.570836835915
14.09375 12.5034221902123
14.125 12.4363690744949
14.15625 12.3696755499565
14.1875 12.3033396881883
14.21875 12.2373595711234
14.25 12.1717332909806
14.28125 12.10645895021
14.3125 12.0415346614379
14.34375 11.976958547412
14.375 11.9127287409474
14.40625 11.8488433848724
14.4375 11.7853006319751
14.46875 11.7220986449496
14.5 11.659235596343
14.53125 11.596709668503
14.5625 11.5345190535246
14.59375 11.4726619531984
14.625 11.4111365789583
14.65625 11.3499411518299
14.6875 11.2890739023792
14.71875 11.228533070661
14.75 11.1683169061685
14.78125 11.1084236677826
14.8125 11.0488516237211
14.84375 10.9895990514893
14.875 10.9306642378297
14.90625 10.8720454786726
14.9375 10.8137410790869
14.96875 10.7557493532311
15 10.6980686243044
15.03125 10.6406972244983
15.0625 10.5836334949485
15.09375 10.5268757856869
15.125 10.4704224555935
15.15625 10.4142718723496
15.1875 10.35842241239
15.21875 10.3028724608566
15.25 10.2476204115512
15.28125 10.1926646668894
15.3125 10.1380036378542
15.34375 10.0836357439504
15.375 10.0295594131582
15.40625 9.9757730818887
15.4375 9.92227519493783
15.46875 9.86906420544191
15.5 9.81613857483268
15.53125 9.76349677279292
15.5625 9.71113727721214
15.59375 9.65905857414262
15.625 9.6072591577556
15.65625 9.55573753029774
15.6875 9.50449220204783
15.71875 9.45352169127372
15.75 9.40282452418945
15.78125 9.35239923491266
15.8125 9.30224436542219
15.84375 9.25235846551593
15.875 9.20274009276889
15.90625 9.15338781249149
15.9375 9.10430019768807
15.96875 9.05547582901565
16 9.00691329474284
