0 3.04159265358979 0
0.0537583551704007 3.0408745982158 -0.0267191882063597
0.106368061118321 3.03878220154083 -0.0528888725213873
0.158848303753132 3.03531481451695 -0.0793742014942546
0.21139035769037 3.03043315366637 -0.106627519913924
0.263889848321311 3.02409803914954 -0.134956042022072
0.316138268192208 3.01628018012374 -0.164605135847468
0.367901978431896 3.00696200608992 -0.195784452392764
0.418959776253515 2.99613664719127 -0.228676262099022
0.469122302215651 2.98380551982816 -0.263439086942959
0.518241226199193 2.969975222837 -0.300210813973816
0.566211567867479 2.95465429439487 -0.339112270259188
0.612969354763798 2.93785024998422 -0.38025114140966
0.658486496011496 2.91956714195649 -0.423725868158096
0.70276443916014 2.89980370063321 -0.469629235818917
0.74582776007805 2.87855198301667 -0.518051535682068
0.787718397249555 2.85579638261462 -0.569083318840792
0.82849087457438 2.83151283138701 -0.622817851433276
0.868208601544979 2.80566803136503 -0.679353423023116
0.906941192748992 2.7782185695429 -0.738795676342109
0.944762684812674 2.74910978137833 -0.801260135930115
0.98175051978574 2.71827422696511 -0.866875130258033
1.0179851871997 2.68562962346274 -0.935785338734653
1.05355045893222 2.651076030778 -1.00815626419877
1.08860532333846 2.61441489834398 -1.08433964826727
1.12383356315395 2.57479297929207 -1.16600519398125
1.15956207830599 2.53157328213943 -1.25430589242792
1.19600689029908 2.48413030388039 -1.35029739267166
1.23337424095571 2.4317355802214 -1.45514911242085
1.27191607269763 2.37345625560925 -1.57030537409554
1.31198202825497 2.30801586644721 -1.69768598007484
1.35410035761726 2.23354585602067 -1.84003317194392
1.39914712950955 2.14705527533222 -2.00164989437139
1.44879535287057 2.04303836580043 -2.19035172255724
1.50313464051799 1.91815143205926 -2.40805959352269
1.5606431348275 1.77280386878953 -2.64815129855751
1.61744153673612 1.61552602465334 -2.8903347177749
1.66644836154205 1.46876774539266 -3.0983645236761
1.71023506328866 1.32911893317875 -3.27900930997416
1.75290705018255 1.18559453040688 -3.44595579806569
1.78974339185581 1.05616486962944 -3.5793659721651
1.822323945656 0.937770419497828 -3.68652175948278
1.85214639839062 0.826499925221189 -3.77379275778944
1.8813594532574 0.715146665166779 -3.84768615829833
1.90939244198506 0.606430906744476 -3.90650277968246
1.93626505867941 0.500830993647722 -3.95072457958741
1.96217168124444 0.398058780800641 -3.98129017480604
1.98732896360073 0.297651799803961 -3.99905128891077
2.01193232820424 0.199168532793022 -4.00466309905585
2.03615011131087 0.102234624437673 -3.99859855427139
2.06012845684553 0.00654104314860134 -3.9811842123536
2.08399808181635 -0.0881695450074791 -3.952630176434
2.10788050899017 -0.182116805543554 -3.91304966176607
2.13189347234705 -0.275494487406186 -3.8624692709913
2.15615581054844 -0.368479945299128 -3.80083149012421
2.18079232120949 -0.461242186993227 -3.72799007349682
2.2059391254043 -0.553949329113078 -3.64369783715508
2.23175023325439 -0.646776412418175 -3.54758495800569
2.25840630856202 -0.739914752694305 -3.43912380306498
2.28612726052065 -0.833584581860563 -3.317572756231
2.3151915897298 -0.928054045046477 -3.18188463456568
2.3459682433948 -1.02367061675588 -3.03055060754209
2.37861828647424 -1.11990180570118 -2.86316868753384
2.41233454850707 -1.21344284735505 -2.68480448736635
2.44706933148203 -1.30344694488345 -2.49705943567462
2.48313908799841 -1.38995914056949 -2.29962296556297
2.52113171881436 -1.47335910446956 -2.09068274909296
2.56204078517739 -1.55429221566155 -1.86628297643796
2.60784313977641 -1.63406165674064 -1.61745747258035
2.66449731024746 -1.7171022059405 -1.31510379251527
2.71473571076441 -1.77656408296612 -1.05301292318116
2.75849970925256 -1.81774269773811 -0.82953514148952
2.7978302349945 -1.84648187296827 -0.632413078363633
2.8362700376569 -1.86714042782972 -0.442893363303748
2.87340606990685 -1.88022998827241 -0.2624252434478
2.90957147402121 -1.8865759442008 -0.0888047577153437
2.94520629268292 -1.88671880386923 0.0805634477714763
2.98071444814699 -1.88088266036153 0.24799170226618
3.01646664292244 -1.86901897886128 0.415554017015316
3.05284198589309 -1.85081442573985 0.585301715449899
3.09029026577416 -1.8256323555329 0.759560203384877
3.1294364244114 -1.79233897898329 0.941405300348074
3.17130924877022 -1.74885190170929 1.13568821892518
3.2195412265875 -1.68868610331602 1.35910313776721
3.28374887120376 -1.59190891890198 1.65501066586653
3.34421005427892 -1.48350782866574 1.92991564777669
3.39648614223669 -1.37652525240899 2.16187711311416
3.44304092406325 -1.27120670292527 2.36119908690262
3.4883821883414 -1.15991813810423 2.54587214672086
3.52943022490185 -1.05216300052481 2.70236219638834
3.56683531264176 -0.94858463166448 2.83385066343671
3.60138934603108 -0.848725526552628 2.94405265820311
3.63528525993569 -0.747271282453894 3.0400072058386
3.66782438298072 -0.647024710969246 3.11938211826829
3.69898465554193 -0.548805932915987 3.18251449704537
3.72896288768617 -0.452649094492213 3.23041810800141
3.75799635921172 -0.358338881818692 3.26409231851987
3.78630621716535 -0.265616345217221 3.2843475161596
3.81408600553213 -0.174245630769318 3.29179682978555
3.84150455101209 -0.0840287843610358 3.28688745749182
3.86871224122259 0.00519629265582042 3.26993271942382
3.89584730489659 0.0935618818524099 3.24113572537146
3.92304136044284 0.181176293394563 3.20060418144845
3.95042434520813 0.268128449914015 3.1483575950306
3.97812917389317 0.35449113457445 3.08432787916916
4.00629654290805 0.440323063042287 3.00835360849571
4.0350803605703 0.52566991887828 2.92016727509322
4.06465441431242 0.610564389311025 2.81937376533073
4.09522115055272 0.695025094671517 2.70541664373935
4.12702395001232 0.779054104020832 2.57752612473552
4.16036526039236 0.862632412374109 2.43463768036733
4.19456103590079 0.943266264877117 2.28022242964717
4.2290031287264 1.01902667284262 2.11814081274636
4.26359724153058 1.08940823320994 1.95013408813268
4.29842871196243 1.15432805151838 1.77699267793863
4.33363244753326 1.21376003693718 1.59910602164336
4.36934454450183 1.26761447453765 1.41671182051867
4.40568005430808 1.31570151637108 1.23003317971445
4.44271169650362 1.35772173044882 1.03940776772117
4.48043258675952 1.39326965466409 0.845489364922372
4.52032028821409 1.42291712167009 0.641258415501279
4.56372365482434 1.44595192035618 0.420478895959762
4.61163725363521 1.46030191388686 0.178955402371569
4.66459592988686 1.46277626382239 -0.0849105195189156
4.72175501544262 1.44987719158146 -0.365651384424729
4.77701682937565 1.42227201095232 -0.632591365103325
4.82715389304741 1.38457487051542 -0.870375373832847
4.87341862663808 1.33931489270845 -1.08537709343512
4.91872724280973 1.2854593012783 -1.29095219816376
4.96308239801942 1.22384079116205 -1.48634773361006
5.00649161182142 1.15529026033678 -1.67068700617769
5.04907133213761 1.08044308182735 -1.84341781344192
5.09102827337138 0.999689679736845 -2.00416415617635
5.1326324211429 0.913179447668695 -2.15252494671376
5.17379904212198 0.821758688373065 -2.286660740996
5.21327373017257 0.729175570381548 -2.40168656612293
5.25085757880107 0.637069064287613 -2.49727601706335
5.28674214327438 0.546025502257793 -2.57456591285471
5.32122029520578 0.456177990777378 -2.63491415380218
5.35458161415342 0.367490978334051 -2.67950736051217
5.38708346993661 0.27988075149251 -2.70928570266132
5.41894920015164 0.193261587928761 -2.7249645184199
5.4503743133746 0.107561265329446 -2.72707449880758
5.48153403548957 0.022725083294469 -2.71599698390469
5.51259025412312 -0.0612837761454087 -2.69198953686943
5.54369758245856 -0.144484531242698 -2.65520228680402
5.57500878885874 -0.226878605415949 -2.60568643106997
5.60667998188328 -0.308448504245938 -2.54339588595615
5.63887598860662 -0.389155479722672 -2.46818234309429
5.67177642913299 -0.468935637430253 -2.37978313209462
5.70558312997849 -0.547693942949607 -2.27780022369572
5.74052979521979 -0.625295228509459 -2.16166717397401
5.77689537686349 -0.701550691207005 -2.03059830268192
5.81331325664889 -0.772970280161641 -1.89029820027031
5.84926232109876 -0.838319553673273 -1.7442817648117
5.88465283759425 -0.897414703972742 -1.59446972211102
5.91951478969714 -0.950356749719576 -1.44211279938693
5.95387920130566 -0.997278815775324 -1.28824890519308
5.98773473493165 -1.03828668056993 -1.13392192239187
6.02100991932691 -1.0734660459027 -0.980297133670365
6.05372522060523 -1.10304734781134 -0.827976233468468
6.08691884674576 -1.12795407605524 -0.672660864051536
6.12097955717451 -1.14814561782453 -0.512978710219826
6.1560444020135 -1.16325185965599 -0.348734638753003
6.19212160689743 -1.17279286960263 -0.180363306073986
6.22912470661935 -1.17628737232306 -0.00877306271758249
6.26688182163422 -1.17333702847953 0.164705647840398
6.30514745234102 -1.16370297501778 0.338392462787191
6.34362857826124 -1.14736154964804 0.510400606553445
6.3820246097408 -1.12451856647723 0.678841866884098
6.42007062697075 -1.0955734246689 0.842035563260423
6.45757034357319 -1.06104582278667 0.998654416415904
6.49441089398541 -1.02149178702727 1.14777281753018
6.53182780996636 -0.975796667715095 1.29366952447899
6.57016024468218 -0.923446235794167 1.43647246113645
6.60947564198683 -0.86421971463604 1.57492505396139
6.64980083276186 -0.798004883197719 1.70733956769199
6.69121505691704 -0.724673985475719 1.83189263894043
6.73378074944528 -0.644209289903956 1.94636149122087
6.77563493922306 -0.560646165789153 2.04407234253851
6.81622837766328 -0.476004476388676 2.12347955360908
6.85555823338585 -0.391228043828516 2.18491493381354
6.89381212115334 -0.306749363491324 2.22920052407752
6.93122607486997 -0.222774909783945 2.25715593434077
6.96803527217153 -0.139417735360255 2.26945745507587
7.00446123614954 -0.0567570065180378 2.26661713915467
7.04071227408332 0.025134897264431 2.24899501845234
7.07698828286438 0.106178832741331 2.21681505711026
7.11348686580346 0.186280448635842 2.17017601274171
7.15040997581371 0.265323016223155 2.10905491711644
7.18797120315755 0.343159567679369 2.03330238140243
7.22640426942233 0.419602964468557 1.94262858157831
7.2659736738505 0.494412442626627 1.83657751219662
7.30677455921353 0.566906889124946 1.71515284344713
7.34696602815733 0.633257382820667 1.5850280285538
7.38601961177298 0.692545455279808 1.44998462855769
7.42387516651294 0.744846370236499 1.31223894436449
7.4605814349531 0.790477821312957 1.17333069104413
7.49616909142736 0.829774523502771 1.03456968889371
7.53061287296366 0.863050559627071 0.897235048907141
7.56473642360014 0.891312436121968 0.758935888199335
7.5991469278637 0.915003599439964 0.617862478392049
7.6340825750852 0.93407047186433 0.473600562399894
7.66963280375806 0.948289103536166 0.3263334314714
7.70581442189968 0.957384808723466 0.17656132507594
7.74259848541486 0.961087983246364 0.0250013083297324
7.77992141153413 0.959170017493763 -0.127456614839579
7.81769306651917 0.951470764248789 -0.279785890388537
7.85580657154047 0.937917596903947 -0.430869766031306
7.89415079283008 0.918532857042728 -0.579558932318481
7.93262436795334 0.893427425048984 -0.724732370432387
7.97114918173737 0.862781141114812 -0.86534949129449
8.00968140833795 0.826813820065615 -1.00048328619238
8.04822395069567 0.785746732147796 -1.12934467130581
8.08800613068294 0.738294561589795 -1.25485176709998
8.12946600480846 0.683710812284135 -1.37653472870622
8.17283040774647 0.621455109403482 -1.49268127097555
8.21834063527321 0.551001032198074 -1.60100080498712
8.26604972343125 0.472230000465305 -1.69813946839457
8.31361620809679 0.389508075250735 -1.77682302785235
8.3603091039018 0.305104296553873 -1.83520324249518
8.40608200060171 0.220153877202059 -1.8733893637576
8.45113903185354 0.135253915352777 -1.89198319304682
8.49576215715673 0.050767297273126 -1.89156898051458
8.54025194739294 -0.0330333742458064 -1.87256681949946
8.58491347565979 -0.115897034486527 -1.8352033156283
8.63005958729796 -0.19755712118041 -1.7795098952014
8.67602151770923 -0.277705558892984 -1.70531832302105
8.72316423426891 -0.355967468759783 -1.6122422679197
8.77190737587654 -0.431870042641849 -1.49963760136841
8.82023670558915 -0.501349107396861 -1.37346606846976
8.86678966588376 -0.562223224449367 -1.24012839155288
8.91133948823817 -0.614452465619359 -1.10336675230881
8.95396129505578 -0.658563655088711 -0.965593151441869
8.995088025093 -0.695449059856379 -0.827480038541004
9.03599783731618 -0.726420905798744 -0.686189726079192
9.07723056271679 -0.751725904149083 -0.540917829920523
9.11904399819191 -0.771227293648017 -0.391711100687807
9.16157470400058 -0.784640014025598 -0.239034653932669
9.2048972821979 -0.791624962772754 -0.0836163452558902
9.24904815443863 -0.791837647830426 0.0736085897636063
9.29403850757566 -0.784960794102428 0.231523854613993
9.33986620650164 -0.770727478829889 0.388858002084406
9.38653053883895 -0.748933055160034 0.544218410914316
9.43405094326401 -0.719431902150139 0.696129974169971
9.48248973283642 -0.682115804012321 0.843067632924255
9.53197910336682 -0.636872373633102 0.983468008214899
9.58275476668699 -0.583522008215892 1.1157038991087
9.63665859597452 -0.519923141141338 1.24117146810233
9.69501833148472 -0.44398514978028 1.35753981576648
9.75922841923797 -0.353382716100422 1.45961960258575
9.8274595877526 -0.250996464268294 1.53561900509951
9.89780596368051 -0.141295163667885 1.57675166323704
9.9708769480089 -0.0257672999948891 1.57829031551698
10 0.0200524225955949 1.56724630579022
