-3 -0.999977914444339
-2.9375 -0.999967363594317
-2.875 -0.999952143804639
-2.8125 -0.999930348396541
-2.75 -0.999899377092757
-2.6875 -0.999855714681111
-2.625 -0.999794626727272
-2.5625 -0.999709830947147
-2.5 -0.999593047834475
-2.4375 -0.999433459240648
-2.375 -0.99921706385904
-2.3125 -0.998925926863323
-2.25 -0.998537283600614
-2.1875 -0.998022510353669
-2.125 -0.997345971908448
-2.0625 -0.996463783748669
-2 -0.995322266119064
-1.9375 -0.993856807329297
-1.875 -0.991990059136737
-1.8125 -0.989630626634527
-1.75 -0.98667168610629
-1.6875 -0.982989717653295
-1.625 -0.978443734179032
-1.5625 -0.972874614817446
-1.5 -0.966105153426907
-1.4375 -0.957940606870141
-1.375 -0.948170073496978
-1.3125 -0.936568578280624
-1.25 -0.922900128814276
-1.1875 -0.906921722231484
-1.125 -0.888388232170642
-1.0625 -0.86705827094451
-1 -0.842700794199361
-0.9375 -0.815102402415675
-0.875 -0.784075075634107
-0.8125 -0.749464026728744
-0.75 -0.711155640121223
-0.6875 -0.669084662920762
-0.625 -0.623240882144226
-0.5625 -0.573674456547169
-0.5 -0.520499877732924
-0.4375 -0.46389813556461
-0.375 -0.404116909233106
-0.3125 -0.341468633414299
-0.25 -0.276326390137867
-0.1875 -0.209117676938602
-0.125 -0.14031620453835
-0.0625 -0.0704319775882945
0 0
0.0625 0.0704319775882945
0.125 0.14031620453835
0.1875 0.209117676938602
0.25 0.276326390137867
0.3125 0.341468633414299
0.375 0.404116909233106
0.4375 0.46389813556461
0.5 0.520499877732924
0.5625 0.573674456547169
0.625 0.623240882144226
0.6875 0.669084662920762
0.75 0.711155640121223
0.8125 0.749464026728744
0.875 0.784075075634107
0.9375 0.815102402415675
1 0.842700794199361
1.0625 0.86705827094451
1.125 0.888388232170642
1.1875 0.906921722231484
1.25 0.922900128814276
1.3125 0.936568578280624
1.375 0.948170073496978
1.4375 0.957940606870141
1.5 0.966105153426907
1.5625 0.972874614817446
1.625 0.978443734179032
1.6875 0.982989717653295
1.75 0.98667168610629
1.8125 0.989630626634527
1.875 0.991990059136737
1.9375 0.993856807329297
2 0.995322266119064
2.0625 0.996463783748669
2.125 0.997345971908448
2.1875 0.998022510353669
2.25 0.998537283600614
2.3125 0.998925926863323
2.375 0.99921706385904
2.4375 0.999433459240648
2.5 0.999593047834475
2.5625 0.999709830947147
2.625 0.999794626727272
2.6875 0.999855714681111
2.75 0.999899377092757
2.8125 0.999930348396541
2.875 0.999952143804639
2.9375 0.999967363594317
3 0.999977914444339
