0.01 3.04156771498756 -0.00498584982764977
0.03 3.04136850533996 -0.0149301320832527
0.07 3.04037432808043 -0.0347786282477932
0.109357595000094 3.03862021294903 -0.0543837693415361
0.149041285865459 3.03606631680329 -0.0743797975728173
0.188833524869909 3.03270153532993 -0.0948147282318161
0.228668467615404 3.02850842024333 -0.115813218726594
0.268458112549076 3.02347163194428 -0.137487542093654
0.3081187555075 3.01757647295067 -0.159948791059437
0.347571219889145 3.01080896231597 -0.183305121810806
0.38674379849474 3.00315543951075 -0.207661888550833
0.425573954290612 2.99460211074513 -0.233121691973814
0.464009177741838 2.9851345700177 -0.259784524896046
0.502007047316838 2.97473736826274 -0.287747937595659
0.539534693467932 2.96339366934376 -0.317107195852984
0.57656788453493 2.95108500653904 -0.347955416109829
0.613089929564764 2.93779113365967 -0.380383672729041
0.649090544742869 2.9234899541988 -0.414481076826368
0.684564779925096 2.90815750772451 -0.450334828317351
0.719512058143013 2.89176799350504 -0.488030242153525
0.75393535122161 2.8742938134751 -0.527650750638527
0.787840493406408 2.8557056204402 -0.569277882271565
0.821235625078745 2.83597235972685 -0.612991219262615
0.854130752551802 2.81506129508907 -0.658868335628148
0.886537409197723 2.79293801070251 -0.70698471962562
0.918468403314688 2.76956638196888 -0.757413684916899
0.949937640325224 2.74490850750031 -0.810226276889567
0.980960009170682 2.71892459377375 -0.865491182511104
1.01155132465085 2.69157278285456 -0.923274653384765
1.04172832071524 2.66280891066467 -0.983640455752256
1.07150869126492 2.63258618076709 -1.04664986308664
1.10091117789466 2.60085473401797 -1.11236171179648
1.12995570638617 2.56756108881832 -1.18083254554429
1.15866357674401 2.53264741877297 -1.25211688081528
1.18705771521743 2.49605062354648 -1.32626763617804
1.21516300112802 2.45770113366441 -1.40333678043143
1.24300668865913 2.41752136661174 -1.4833762767859
1.27061895275801 2.37542371885773 -1.56643942923179
1.29803360376864 2.33130792603682 -1.65258278755717
1.32528903806319 2.28505754317625 -1.74186884435632
1.35242953097988 2.23653516280792 -1.83436989243662
1.37950704147939 2.185575767042 -1.93017363579066
1.40658381214375 2.13197721509421 -2.02939156075452
1.43373625704722 2.07548614373233 -2.13217184437657
1.46106103985075 2.01577614388799 -2.23872010910602
1.48868510696657 1.95241211322602 -2.34933459614172
1.51678341585471 1.88478792139969 -2.46446987971185
1.54561315683955 1.81200727133692 -2.58486274526926
1.57558819817833 1.73262682858209 -2.7118117939101
1.60747061096198 1.64399969764754 -2.84790900485528
1.64298328255361 1.54017022905655 -2.99939331327148
1.67675502512165 1.43646539359959 -3.14168194653835
1.7060648765009 1.34260700324434 -3.26232060475109
1.73323925021318 1.25247535678672 -3.37058308404071
1.75898908695248 1.16440726178605 -3.46892559041502
1.78493902434944 1.07315830529723 -3.5628032169996
1.80968278311349 0.983953489676618 -3.64644979577807
1.83367642773455 0.895551793770042 -3.72119221408824
1.85713350583895 0.807473090346554 -3.78738520422698
1.88022480527435 0.719335620386837 -3.84515916915223
1.90309052022956 0.630833957766724 -3.89447000901645
1.9258542390704 0.541701921293304 -3.9351442955524
1.94863088879116 0.451693450413431 -3.96689809506241
1.9715319901039 0.360571574426322 -3.98934295950119
1.9946687616356 0.268105067148799 -4.00198425019171
2.01815248199871 0.174076266078003 -4.00421724573998
2.04208980773696 0.0783097939386712 -3.99533133159237
2.06656820672873 -0.0192592044811785 -3.97454559780112
2.09162504031306 -0.118455426365716 -3.94112143889658
2.11720262912747 -0.218691184245235 -3.89460244888447
2.14312622740486 -0.318908551286576 -3.83512321238778
2.16916651732075 -0.417868744110036 -3.76349622901774
2.19515901800556 -0.514640903690496 -3.68088134619438
2.22106047601622 -0.608803893217516 -3.58836282377905
2.2469235418857 -0.700314910041659 -3.48676164305321
2.27285594384794 -0.789323758839377 -3.37662579221402
2.29899601685089 -0.876056952734281 -3.25826527082708
2.32550436772046 -0.960764861198431 -3.13177460157898
2.35256648451944 -1.04370559725372 -2.99702690731021
2.38040400028657 -1.12514946489881 -2.85363148701449
2.40929607647885 -1.20539791678519 -2.70083992225431
2.43961624349784 -1.28481623811146 -2.53737182514669
2.47189036587285 -1.36386829892793 -2.36113634363979
2.506828477367 -1.44300957962753 -2.16912988615218
2.54474632970014 -1.5213055234178 -1.96074816756954
2.58030138910269 -1.58756158181686 -1.76646352534398
2.61402937179479 -1.64405649319363 -1.58389702231367
2.64801445457414 -1.69479007912058 -1.40214077116516
2.68065413573119 -1.73773882918389 -1.22995236391604
2.71262316715827 -1.77439533956949 -1.06370045897376
2.74420098540682 -1.80542307404834 -0.901850272599117
2.77559296246834 -1.83123855106568 -0.743240938388898
2.80694948728359 -1.8520886486463 -0.586982088381758
2.83838873700705 -1.86810684146249 -0.43233362764236
2.87000717837816 -1.87934235419538 -0.278650855334177
2.90188543877247 -1.88577776638174 -0.125354496532198
2.93409144417081 -1.88734058414466 0.0280842481077199
2.96668219908118 -1.88391179422913 0.182150291454161
2.99970528529868 -1.87533273448369 0.337287598997691
3.03320125681535 -1.8614102096016 0.493903353066462
3.06720837021785 -1.84191811503686 0.652379321417752
3.10177141016958 -1.81659166614675 0.813097936999239
3.13695674394245 -1.78510749445854 0.97649232630671
3.17287643760142 -1.74703886152461 1.14313213836666
3.20972567123025 -1.7017688006602 1.3138610369612
3.2478371028375 -1.64833742024411 1.48999198680754
3.28771700076762 -1.58525597427168 1.67337152653089
3.32962585602813 -1.51111825871007 1.8642829457928
3.36677897508167 -1.43874720434668 2.03107165276566
3.40056461455898 -1.36760414370459 2.17982313545473
3.43200419045356 -1.29693862847027 2.31488532752412
3.46169955220473 -1.22634934054111 2.4386602615439
3.49004963668759 -1.15558726808421 2.55260406345171
3.51858228263613 -1.08117689202262 2.66229863314235
3.54587120211618 -1.00715574473072 2.76173906910718
3.57228855080363 -0.932990217655934 2.85214948856817
3.59801160362551 -0.858558307407702 2.93394148005053
3.62319046825488 -0.783746058324559 3.00737615196673
3.64794945847666 -0.708464343599459 3.07257811857622
3.67239582198699 -0.632638837990423 3.12957174541093
3.69662478526487 -0.556206138227981 3.17830171012375
3.72072302269996 -0.479111852415477 3.21864658364788
3.74477099447018 -0.401310448981983 3.25042810868694
3.76884442969267 -0.322766740702049 3.27341823181356
3.7930150596117 -0.243459139254376 3.28734558514015
3.81735060731307 -0.163384922993535 3.29190314332108
3.84191400595042 -0.0825676756590767 3.28675898771836
3.86676188711397 -0.00106660796991096 3.27157220333182
3.89194262529213 0.0810135527570429 3.24601536222044
3.91749469101183 0.163515081245853 3.2098029812095
3.94344664239338 0.246226862033094 3.16272119310511
3.96982034621659 0.328895870180948 3.10464861921354
3.99663837781566 0.411251936723686 3.03555569749433
4.0239349974322 0.493040954164524 2.95547360582185
4.0517688322358 0.574057160293121 2.86443324068868
4.08023593110051 0.654167079832568 2.76238111108835
4.10948444328056 0.733325257381814 2.6490742335209
4.1397361662651 0.811590500577954 2.5239376625352
4.17132692659194 0.889160551592532 2.38583030079675
4.20479538856896 0.966463961150082 2.23256917814039
4.24111298543178 1.04442521640674 2.05973390250382
4.28243484299216 1.12536381502118 1.85678662360658
4.3252893075129 1.20033339907774 1.64133647053204
4.36315160236015 1.25882971109848 1.44830183137825
4.39927581886292 1.30780113093619 1.26283911825771
4.43570490195187 1.35039024556337 1.07532955070481
4.47095080090427 1.38509516751538 0.894034166188519
4.50586337721937 1.41318091465927 0.715005572591838
4.54082352714541 1.43505621167942 0.536603190907256
4.57615912773201 1.45084782599811 0.357409110225957
4.61216909671175 1.4604500755591 0.176140483918384
4.64915874422799 1.46354549605555 -0.00849938145789794
4.68746777508627 1.45958547407114 -0.197925428378533
4.72751409701468 1.44772909434936 -0.393834852135317
4.76989729702325 1.42668765706278 -0.598618878072218
4.81571454525869 1.39425109101286 -0.816678417987302
4.86778485726458 1.34537717614831 -1.05960009676664
4.91332932982523 1.2923771335878 -1.26690334514599
4.9532519813828 1.23825211378028 -1.44375573492705
4.98968485173452 1.18278392047414 -1.60036651574541
5.02361652495652 1.1260743698334 -1.74135914971669
5.05566061492342 1.06820733307613 -1.86947876070334
5.08622676298364 1.00926296509114 -1.98645060982289
5.11698613597889 0.946424927815968 -2.09828763656596
5.14636741983782 0.883280477041021 -2.19892359041661
5.17475432220204 0.819554951275746 -2.28975955025813
5.20233111991365 0.755269572192839 -2.371384510075
5.22925167595207 0.690434418632632 -2.44421987442618
5.25564142339985 0.625067384282815 -2.50854387177727
5.28160601917265 0.559191053761975 -2.56453270755899
5.30723645124309 0.49283263959379 -2.61228630519479
5.33261259440015 0.426024346439741 -2.65184675076183
5.35780572804925 0.358804082042067 -2.68321209960241
5.38288038134735 0.291216334383384 -2.70634728458338
5.4078957402857 0.223313083457807 -2.721193170231
5.43290678549928 0.155154615912523 -2.72767435726019
5.45796529446763 0.0868101015984527 -2.7257060116726
5.48312082262185 0.0183577890226521 -2.7151997138117
5.50842176449574 -0.0501153016790333 -2.69606807860116
5.53391658034504 -0.1185142484606 -2.66822770345281
5.5596552496106 -0.186737609379261 -2.63159989369307
5.58569097469374 -0.254679102042217 -2.58610865008602
5.61208209997686 -0.322229147183751 -2.53167564159167
5.63889410930303 -0.389275542945399 -2.46821243219758
5.66620135670195 -0.455702056663393 -2.39561134101158
5.69408770266341 -0.521382802411558 -2.31373870011016
5.72264407652364 -0.586168375218798 -2.2224397458338
5.75195837619151 -0.64985605412878 -2.12157684779975
5.78208817652772 -0.712131343435863 -2.01114750584233
5.81300237864589 -0.772471140161731 -1.8915555556933
5.84449571719184 -0.830048548573259 -1.76404235055497
5.87615953672278 -0.883809159406501 -1.63091704708382
5.90753568846465 -0.932857357857379 -1.49493580679843
5.93834096479844 -0.976810623094951 -1.35820730402708
5.96850861318591 -1.01573296510273 -1.22183533681389
5.99809337916494 -1.04987897646841 -1.08625154022221
6.02719165883391 -1.07953017581338 -0.951566941574826
6.05590610460162 -1.10493444754147 -0.817755227574211
6.08433449556045 -1.12629197913108 -0.684729447274662
6.11256815196742 -1.14375616538501 -0.552371170873901
6.14069351136504 -1.15743758052058 -0.420540766421459
6.16879441436731 -1.16740722892333 -0.289081201714587
6.19695418652358 -1.17369819926826 -0.15782080382423
6.22525721963322 -1.17630585752977 -0.0265773284266291
6.25379007673858 -1.17518701068513 0.104836007861871
6.28264238780458 -1.17025840932831 0.236603097766877
6.31190798431634 -1.1613946356111 0.368897447284992
6.34168677213033 -1.14842495597198 0.501875913948104
6.37208760062156 -1.13112837655914 0.63567344053024
6.40323148045811 -1.10922660235593 0.770394037443446
6.43525175558572 -1.08237785640673 0.90608149403912
6.46827962183205 -1.05018692334816 1.04262205019875
6.50238121250068 -1.01228596409758 1.17945682565988
6.53737940051947 -0.968621178309029 1.31490740100527
6.57259610322327 -0.919998245200192 1.4454210636684
6.60702194733285 -0.868132273836923 1.56667309477393
6.6400405388659 -0.814572947820121 1.67638603102266
6.67160526687945 -0.760090325687149 1.77459404382743
6.70190839945398 -0.704970562416519 1.86215275282446
6.73117047243254 -0.649325360451219 1.9399253434952
6.75958261717702 -0.59321589452963 2.00859502878682
6.78730124710611 -0.536691552114212 2.06866985533123
6.81445403953467 -0.479801369869791 2.12052131815387
6.8411466438996 -0.422597314458885 2.16442000262375
6.86746806845639 -0.365135191562178 2.20056290424158
6.8934946940925 -0.307474921112358 2.22909360324214
6.91929322373617 -0.249680694032905 2.25011721825761
6.94492286304318 -0.19182115331111 2.26371168446346
6.97043695091462 -0.133969637251541 2.26993644340751
6.99588418647817 -0.0762045047979969 2.26883929146237
7.02130954120119 -0.0186095771284233 2.26046191999301
7.04675489746981 0.0387252430175389 2.24484457317289
7.07225941196459 0.0957030780032372 2.22203023333297
7.09785955930295 0.152218775664576 2.19206881179247
7.12358876458895 0.208157039400944 2.15502197291023
7.14947648500234 0.263389816654131 2.11096943996386
7.17554656089394 0.317772827425301 2.06001787965191
7.20181466043976 0.371141303439722 2.00231360279658
7.22828475934923 0.423305447980532 1.93806004099785
7.25494494366037 0.474046937865574 1.86753969612126
7.28176349390999 0.523118914954045 1.7911373600646
7.30868707651772 0.570252763848982 1.7093569483708
7.33564328358495 0.615174168393881 1.62282066492263
7.36254868614262 0.657627207207062 1.53224141732431
7.38932077469722 0.697399801765538 1.43837051623404
7.41588954511024 0.734341252566689 1.34193667957029
7.44220464340123 0.768366291193386 1.24359681604215
7.46823684635288 0.799447128998781 1.1439100105448
7.49397547850596 0.827599401268607 1.04333310275069
7.51942423487618 0.852867633701931 0.942229325621478
7.54459720675728 0.875313245295344 0.840881707380543
7.56951590633804 0.89500576470439 0.739506171284939
7.59420740060554 0.912016733230456 0.638262259772638
7.61870335088196 0.926415435801799 0.537261221678721
7.64303966039504 0.938265690108047 0.436572071176
7.66725643398188 0.947623151678893 0.336226555574001
7.69139798753976 0.954532834986732 0.236224024930406
7.71561426482946 0.95904061372979 0.136117872225678
7.73993409157369 0.961132149546551 0.0359618455119851
7.7643686080511 0.960786888535282 -0.0641160308401563
7.7889314521192 0.957983704819431 -0.163994669925572
7.81363653019833 0.952700423070918 -0.263548220090774
7.83849868858812 0.944913706740476 -0.362646147762198
7.86360942353651 0.934564023288317 -0.461446133756235
7.88908802298091 0.921545785101947 -0.560179294574293
7.91497570865672 0.905764327980944 -0.658731480971484
7.9413199975531 0.887111673324389 -0.756973205684464
7.96816144626584 0.865476198485596 -0.854702223466651
7.99553116198576 0.840750206687623 -0.951630327200777
8.02344301581389 0.812844829941086 -1.04735470165964
8.05188114912867 0.781714982299621 -1.14132174878299
8.08078312197891 0.747396481117802 -1.23279229230493
8.11002514568606 0.71004834480317 -1.32083681257798
8.13942377910614 0.669976536109658 -1.40440383432601
8.16876680906081 0.627608119550127 -1.48247631218601
8.19786366993363 0.58341444773962 -1.55424909647822
8.22658419616049 0.537828208904999 -1.61922015313571
8.2548663232148 0.491199347862021 -1.67716326304992
8.28270110780247 0.443793320610253 -1.7280396458557
8.31011239611652 0.395809819909273 -1.77191231732882
8.33714078468872 0.347403893032562 -1.80888833861724
8.36383355288167 0.298702452335044 -1.83908715997304
8.39023910382541 0.249815550584324 -1.86262602292878
8.41640415669877 0.200843726864479 -1.87961485504259
8.44237243866645 0.151882799029354 -1.89015599303768
8.46818412231168 0.103027101515283 -1.8943462259839
8.49387558285587 0.054371811939684 -1.89227992832896
8.51947923871369 0.00601476078350182 -1.88405274807315
8.54502334227958 -0.0419420444631703 -1.86976568063965
8.57053164583754 -0.0893910622160486 -1.84952954271479
8.59602290596636 -0.136217999762182 -1.82346993291068
8.62151022674065 -0.182300800604571 -1.79173274777392
8.64700028919358 -0.227509001568302 -1.75449020286746
8.67249257803904 -0.271703731420281 -1.71194707003136
8.69797879239659 -0.314738707721101 -1.66434648318425
8.72344269270728 -0.356462595967145 -1.61197424986209
8.74886064897325 -0.396722953180338 -1.55516030000528
8.77420306693561 -0.435371642464834 -1.49427596098285
8.79943666143624 -0.472271129282373 -1.42972637939547
8.82452727623692 -0.507300643027783 -1.36193856547945
8.84944274318105 -0.540361056163892 -1.29134678618802
8.87415525265604 -0.57137762747631 -1.2183777585622
8.89864288925217 -0.600300354450444 -1.14343792739198
8.92289026816481 -0.627102285966473 -1.06690420608495
8.9468884456871 -0.651776501806445 -0.989118446436957
8.97063439192685 -0.67433250725337 -0.91038505836806
8.99413030743152 -0.694792614931847 -0.830970822837665
9.01738299185329 -0.713188640139695 -0.751105948475015
9.04040338427792 -0.729559022831311 -0.670985636562145
9.06325675952889 -0.74397614178092 -0.590593453352463
9.08614644607473 -0.756566498096689 -0.509398208727318
9.10905732880435 -0.767301288461651 -0.42762252973734
9.13200191892976 -0.776169976084475 -0.3453871760142
9.15498952186527 -0.78316078010685 -0.262820518676601
9.17803003375339 -0.788262599787318 -0.180046163460278
9.20113344293976 -0.791464682295347 -0.0971858822005381
9.22430992260987 -0.792756584511854 -0.0143604860582039
9.24756988449895 -0.792128131721166 0.0683091109136402
9.27092406088513 -0.789569387632038 0.150700875586002
9.29438359021678 -0.785070627797326 0.232690593226572
9.31796009050089 -0.778622322771889 0.314150698376951
9.34166569637836 -0.770215151703674 0.394948917125224
9.36551302719301 -0.759840087155603 0.474946624088958
9.38951504064343 -0.747488619564347 0.553996801275219
9.41368470838613 -0.733153228047216 0.631941470667836
9.43803442701039 -0.716828255463667 0.70860847058267
9.46262369880861 -0.698473276076306 0.783954357601053
9.48766016848276 -0.67790958618684 0.858335516824837
9.51312721321547 -0.655114434734847 0.931375317197679
9.53902654654361 -0.63006181987256 1.00272948363136
9.56534052982915 -0.602757469373936 1.07197912832542
9.59203253433181 -0.573246191977383 1.13864530351394
9.61904337812845 -0.541622990728165 1.20219807418372
9.64629218696519 -0.508038722072087 1.26208217593592
9.67368272290928 -0.472696523610289 1.31775651712702
9.70111485383496 -0.435837187572222 1.3687392348735
9.72849760721114 -0.397717234250493 1.41464383977236
9.75575910630349 -0.358587289896804 1.45519507302529
9.78285066773691 -0.318677249474455 1.49022340436298
9.80974552856464 -0.278190133529721 1.5196460052063
9.83643450527112 -0.237302677439061 1.54344397585523
9.86292084072109 -0.196169489591659 1.56164240035509
9.88921557105968 -0.154928284603577 1.57429575230396
9.91533388146708 -0.113704823843808 1.58147858539695
9.94129243063246 -0.0726170360677141 1.58328042285938
9.96710744190228 -0.0317782343865183 1.57980364397117
9.99279334277436 0.00870048734081125 1.57116338612813
10 0.0200115109356175 1.56781828455001
