----------------------------------------------
Initial (random) matrix A:

         1          2          4          3          1          4          2 
         4          2          2          2          2          3          2 
         4          4          3          4          1          2          2 
         4          4          1          1          2          2          1 
         2          1          2          4          3          2          4 
         3          1          1          2          1          4          4 
         2          4          2          1          4          3          2 
         4          2          2          1          1          3          2 
         3          4          3          4          2          1          3 
         2          1          2          3          1          3          1 
----------------------------------------------
Q matrix after decomposition:

     0.103      0.292      0.743     -0.343     -0.111      0.229     0.0623 
      0.41     -0.305     0.0269     -0.206      0.194     -0.286     -0.232 
      0.41      0.186     0.0245      0.249     -0.506    -0.0346     -0.102 
      0.41      0.186     -0.512    -0.0306    -0.0549      0.166     -0.223 
     0.205     -0.152      0.282      0.526      0.549     -0.243     0.0968 
     0.308     -0.351    -0.0463      0.145     0.0289      0.685      0.505 
     0.205      0.584     -0.124     -0.223      0.592      0.185    -0.0122 
      0.41     -0.305     0.0269     -0.532    -0.0537     -0.287      0.206 
     0.308      0.385     0.0843      0.327      -0.19     -0.328      0.338 
     0.205     -0.152      0.282        0.2   -0.00445       0.29     -0.679 
----------------------------------------------
R matrix after decomposition:

      9.75        7.9       6.16       7.08       5.13       7.69       6.67 
         0       4.07       2.05       1.25       2.08     0.0517     0.0775 
         0          0       3.73       3.99      0.576       3.09       2.36 
         0          0          0       3.07      0.585      -1.26       1.72 
         0          0          0          0       3.27       1.64       1.92 
         0          0          0          0          0       2.81      0.855 
         0          0          0          0          0          0       2.36 

It is upper triangular!
----------------------------------------------
Checking that Q^T Q = 1 (identity).

         1   3.47e-16   2.01e-16   6.18e-16  -1.57e-17   1.14e-15  -7.22e-16 
  3.47e-16          1  -1.73e-16   1.53e-16  -1.17e-16      5e-16   5.55e-17 
  2.01e-16  -1.73e-16          1          0   3.21e-17  -1.25e-16   1.94e-16 
  6.18e-16   1.53e-16          0          1   3.16e-17  -1.46e-16   8.33e-17 
 -1.57e-17  -1.17e-16   3.21e-17   3.16e-17          1  -2.06e-16  -1.45e-16 
  1.14e-15      5e-16  -1.25e-16  -1.46e-16  -2.06e-16          1   5.55e-17 
 -7.22e-16   5.55e-17   1.94e-16   8.33e-17  -1.45e-16   5.55e-17          1 

It is to a good approximation the identity matrix!
----------------------------------------------
Checking that Q*R = A:

         1          2          4          3          1          4          2 
         4          2          2          2          2          3          2 
         4          4          3          4          1          2          2 
         4          4          1          1          2          2          1 
         2          1          2          4          3          2          4 
         3          1          1          2          1          4          4 
         2          4          2          1          4          3          2 
         4          2          2          1          1          3          2 
         3          4          3          4          2          1          3 
         2          1          2          3          1          3          1 

Q*R is in fact A!
----------------------------------------------
Testing the implemented equation solver:

Randomly generated matrix A:

         5          4          1          4          4          3          1          5 
         3          6          7          4          8          7          7          4 
         3          1          4          4          5          6          6          3 
         6          8          4          7          1          1          2          7 
         1          7          2          1          4          2          4          5 
         3          2          4          3          6          1          2          2 
         2          1          7          4          6          1          2          3 
         6          5          6          7          3          1          6          6 

Randomly generated vector b:
         5          1          7          2          1          6          2          5 
----------------------------------------------
Factorizing A into QR:

      0.44     -0.158     -0.466     -0.453      0.301    -0.0534     -0.254      0.449 
     0.264      0.383      0.451     -0.292     -0.112      0.592     -0.363    -0.0101 
     0.264     -0.281      0.184      0.154      0.675      0.372      0.404     -0.193 
     0.528      0.235     -0.276      0.581    0.00179     -0.109     -0.347     -0.346 
     0.088      0.791   -0.00486     -0.113      0.246     -0.281      0.446      0.127 
     0.264     -0.148      0.161     -0.536    -0.0802     -0.404      0.051      -0.65 
     0.176     -0.143      0.665      0.203      0.163     -0.497     -0.231      0.372 
     0.528     -0.164     0.0456     0.0841      -0.59     0.0858      0.515      0.254 

      11.4       11.8       11.1       12.9       10.3       6.43       9.33       12.4 
         0       7.54       1.34     0.0453       2.18       1.88        2.9       3.79 
         0          0       7.88        2.2       7.46       3.45       5.15      0.659 
         0          0          0       1.39      -4.99      -2.37      -1.02      0.575 
         0          0          0          0        3.4       4.16       1.18       1.12 
         0          0          0          0          0       4.73       3.69     -0.732 
         0          0          0          0          0          0       3.45       0.79 
         0          0          0          0          0          0          0       1.17 
----------------------------------------------
Solving the system of equations. The solution (x) is:
     -3.58     0.0635      -4.22       6.49       2.58      -1.33       1.28      -1.34 
----------------------------------------------
Checking that A*x=b

A*x equals:
         5          1          7          2          1          6          2          5 

b equals:
         5          1          7          2          1          6          2          5 

The system of equations have indeed been solved!
----------------------------------------------
Testing if the solution is adequate, using the approx method from vector class

Is A*x approximately equal to b? True
----------------------------------------------
