0.01 -0.499741062168261 -0.5
0.00995 -0.499741845705527 -0.5
0.0099 -0.499742633406778 -0.5
0.00985 -0.499743425630393 -0.5
0.0098 -0.499744222024832 -0.5
0.00975 -0.499745022620577 -0.5
0.0097 -0.499745831198439 -0.5
0.00965 -0.499746702157788 -0.5
0.0096 -0.499747513304517 -0.5
0.00955 -0.499748328589162 -0.5
0.0095 -0.499749147925862 -0.5
0.00945 -0.499749971109191 -0.5
0.0094 -0.499750798229159 -0.5
0.00935 -0.499751629058711 -0.5
0.0093 -0.499752463648933 -0.5
0.00925 -0.499753305514749 -0.5
0.00920000000000001 -0.499754144925 -0.5
0.00915000000000001 -0.499754988057365 -0.5
0.00910000000000001 -0.499755834814167 -0.5
0.00905000000000001 -0.49975668521183 -0.5
0.00900000000000001 -0.499757539131434 -0.5
0.00895000000000001 -0.499758396598233 -0.5
0.00890000000000001 -0.499759257475555 -0.5
0.00885000000000001 -0.49976012176412 -0.5
0.00880000000000001 -0.499760989588309 -0.5
0.00875000000000001 -0.499761879612903 -0.5
0.00870000000000001 -0.499762761915677 -0.5
0.00865000000000001 -0.499763640387708 -0.5
0.00860000000000001 -0.499764522299967 -0.5
0.00855000000000001 -0.49976540772451 -0.5
0.00850000000000001 -0.49976629642542 -0.5
0.00845000000000001 -0.499767188728439 -0.5
0.00840000000000001 -0.499768084419829 -0.5
0.00835000000000001 -0.49976898520094 -0.5
0.00830000000000001 -0.499769888191105 -0.5
0.00825000000000001 -0.499770809285285 -0.5
0.00820000000000001 -0.499771719780107 -0.5
0.00815000000000001 -0.49977263391646 -0.5
0.00810000000000001 -0.499773551750979 -0.5
0.00805000000000001 -0.499774473215778 -0.5
0.00800000000000001 -0.499775398512689 -0.5
0.00795000000000001 -0.499776327537063 -0.5
0.00790000000000001 -0.499777260547707 -0.5
0.00785000000000001 -0.499778197459016 -0.5
0.00780000000000001 -0.49977914656229 -0.5
0.00775000000000001 -0.499780091952379 -0.5
0.00770000000000001 -0.499781041503203 -0.5
0.00765000000000001 -0.499781995465659 -0.5
0.00760000000000001 -0.499782953729644 -0.5
0.00755000000000002 -0.499783916442819 -0.5
0.00750000000000002 -0.499784823282261 -0.5
0.00745000000000002 -0.499785799901613 -0.5
0.00740000000000002 -0.49978678138818 -0.5
0.00735000000000002 -0.499787767678976 -0.5
0.00730000000000002 -0.499788759026199 -0.5
0.00725000000000002 -0.499789755596502 -0.5
0.00720000000000002 -0.499790757521516 -0.5
0.00715000000000002 -0.499791765000676 -0.5
0.00710000000000002 -0.499792778205849 -0.5
0.00705000000000002 -0.499793797253846 -0.5
0.00700000000000002 -0.499794822261839 -0.5
0.00695000000000002 -0.499795853575775 -0.5
0.00690000000000002 -0.499796891462263 -0.5
0.00685000000000002 -0.499797935957654 -0.5
0.00680000000000002 -0.49979898744122 -0.5
0.00675000000000002 -0.499800046042726 -0.5
0.00670000000000002 -0.499801112204934 -0.5
0.00665000000000002 -0.499802185998618 -0.5
0.00660000000000002 -0.499803835884673 -0.5
0.00655000000000002 -0.499804977711455 -0.5
0.00650000000000002 -0.499806102843844 -0.5
0.00645000000000002 -0.499807237867386 -0.5
0.00640000000000002 -0.499814003868908 -0.5
0.00635000000000002 -0.499815196144861 -0.5
0.00630000000000002 -0.49981639990239 -0.5
0.00625000000000002 -0.499817615731365 -0.5
0.00620000000000002 -0.499818844325066 -0.5
0.00615000000000002 -0.499820085777346 -0.5
0.00610000000000002 -0.499821340705292 -0.5
0.00605000000000002 -0.499822609665258 -0.5
0.00600000000000002 -0.499823893302354 -0.5
0.00595000000000002 -0.49982519203016 -0.5
0.00590000000000003 -0.499826506624336 -0.5
0.00585000000000003 -0.499827837568405 -0.5
0.00580000000000003 -0.499829185476943 -0.5
0.00575000000000003 -0.499830551171932 -0.5
0.00570000000000003 -0.499831935244601 -0.5
0.00565000000000003 -0.499833338565078 -0.5
0.00560000000000003 -0.499834761726676 -0.5
0.00555000000000003 -0.499836205608657 -0.5
0.00550000000000003 -0.499837670966279 -0.5
0.00545000000000003 -0.49983915890273 -0.5
0.00540000000000003 -0.499840670013076 -0.5
0.00535000000000003 -0.499845113031071 -0.5
0.00530000000000003 -0.499846706849949 -0.5
0.00525000000000003 -0.499848326123442 -0.5
0.00520000000000003 -0.499849972572216 -0.5
0.00515000000000003 -0.499847027857577 -0.5
0.00510000000000003 -0.499848198433238 -0.5
0.00505000000000003 -0.499849376904443 -0.5
0.00500000000000003 -0.499850563684957 -0.5
0.00495000000000003 -0.499851759049444 -0.5
0.00490000000000003 -0.49985296331526 -0.5
0.00485000000000003 -0.499854176527801 -0.5
0.00480000000000003 -0.499855402964507 -0.5
0.00475000000000003 -0.499856635826798 -0.5
0.00470000000000003 -0.499857878547518 -0.5
0.00465000000000003 -0.499859131720714 -0.5
0.00460000000000003 -0.499860395541076 -0.5
0.00455000000000003 -0.49986167038884 -0.5
0.00450000000000003 -0.499862975155411 -0.5
0.00445000000000003 -0.499864275884607 -0.5
0.00440000000000003 -0.499865589380685 -0.5
0.00435000000000003 -0.499866871300327 -0.5
0.00430000000000003 -0.499868213839545 -0.5
0.00425000000000003 -0.499869571713291 -0.5
0.00420000000000004 -0.499870944254089 -0.5
0.00415000000000004 -0.49987963458225 -0.5
0.00410000000000004 -0.49988803526902 -0.5
0.00405000000000004 -0.499889255600581 -0.5
0.00400000000000004 -0.499884432577165 -0.5
0.00395000000000004 -0.499885256805605 -0.5
0.00390000000000004 -0.499886096653694 -0.5
0.00385000000000004 -0.499876165949863 -0.5
0.00380000000000004 -0.499877721893106 -0.5
0.00375000000000004 -0.499879256175332 -0.5
0.00370000000000004 -0.49988077040839 -0.5
0.00365000000000004 -0.499882268946088 -0.5
0.00360000000000004 -0.49988374907761 -0.5
0.00355000000000004 -0.499885214023741 -0.5
0.00350000000000004 -0.499886665408262 -0.5
0.00345000000000004 -0.499888105222605 -0.5
0.00340000000000004 -0.499889533757405 -0.5
0.00335000000000004 -0.499890952800999 -0.5
0.00330000000000004 -0.499892363764081 -0.5
0.00325000000000003 -0.499893767977354 -0.5
0.00320000000000003 -0.499895177721752 -0.5
0.00315000000000003 -0.499896574804126 -0.5
0.00310000000000003 -0.499897969915781 -0.5
0.00305000000000003 -0.499899364200103 -0.5
0.00300000000000003 -0.499900759805812 -0.5
0.00295000000000003 -0.499902156542839 -0.5
0.00290000000000003 -0.499903559903555 -0.5
0.00285000000000003 -0.499904972029547 -0.5
0.00280000000000003 -0.499906396391685 -0.5
0.00275000000000003 -0.499912117518908 -0.5
0.00270000000000003 -0.499914393036938 -0.5
0.00265000000000003 -0.499912755509743 -0.5
0.00260000000000003 -0.499914728515076 -0.5
0.00255000000000003 -0.499916723032747 -0.5
0.00250000000000003 -0.499918741760363 -0.5
0.00245000000000003 -0.499920768233373 -0.5
0.00240000000000003 -0.499923493472732 -0.5
0.00235000000000003 -0.499925686499977 -0.5
0.00230000000000003 -0.499928002616366 -0.5
0.00225000000000003 -0.499930346699786 -0.5
0.00220000000000003 -0.499933010233235 -0.5
0.00215000000000003 -0.499940921228459 -0.5
0.00210000000000003 -0.499942180998092 -0.5
0.00205000000000003 -0.499943795224489 -0.5
0.00200000000000003 -0.499945689001106 -0.5
0.00195000000000003 -0.49994780979353 -0.5
0.00190000000000003 -0.499946251128455 -0.5
0.00185000000000003 -0.499950748807021 -0.5
0.00180000000000003 -0.499952557217915 -0.5
0.00175000000000003 -0.499954371568838 -0.5
0.00170000000000003 -0.499956787881641 -0.5
0.00165000000000003 -0.499958751245621 -0.5
0.00160000000000003 -0.499964514185716 -0.5
0.00155000000000003 -0.499965396909953 -0.5
0.00150000000000003 -0.499966391588483 -0.5
0.00145000000000003 -0.499967480939564 -0.5
0.00140000000000003 -0.499968654053501 -0.5
0.00135000000000003 -0.499969902027789 -0.5
0.00130000000000003 -0.499971273267316 -0.5
0.00125000000000003 -0.499974537939913 -0.5
0.00120000000000003 -0.499975980092189 -0.5
0.00115000000000003 -0.499977497226255 -0.5
0.00110000000000003 -0.4999792550164 -0.5
0.00105000000000003 -0.499981032255816 -0.5
0.00100000000000003 -0.499981951245172 -0.5
0.000950000000000033 -0.499983476723335 -0.5
0.000900000000000033 -0.499988192372609 -0.5
0.000850000000000033 -0.499989752813534 -0.5
0.000800000000000033 -0.499990416400783 -0.5
0.000750000000000033 -0.49999260374015 -0.5
0.000700000000000033 -0.49999511304428 -0.5
0.000650000000000033 -0.49999808539202 -0.5
0.000600000000000033 -0.499999809117924 -0.5
0.000550000000000033 -0.500003422289329 -0.5
0.000500000000000033 -0.500008395796784 -0.5
0.000450000000000033 -0.500010249538544 -0.5
0.000400000000000033 -0.500011304156014 -0.5
0.000350000000000033 -0.500012688431808 -0.5
0.000300000000000033 -0.500014639324155 -0.5
0.000250000000000033 -0.50001869337492 -0.5
0.000200000000000033 -0.500021584882819 -0.5
0.000150000000000033 -0.500023502067265 -0.5
0.000100000000000033 -0.500026990204499 -0.5
5.00000000000331E-05 -0.500029249079496 -0.5


0.01 -0.499934103665433 -0.5
0.00995 -0.499934401876475 -0.5
0.0099 -0.499934695575476 -0.5
0.00985 -0.499934984706981 -0.5
0.0098 -0.499935269213242 -0.5
0.00975 -0.499935549025439 -0.5
0.0097 -0.499935824097622 -0.5
0.00965 -0.499931222679149 -0.5
0.0096 -0.499931444259225 -0.5
0.00955 -0.49993166153273 -0.5
0.0095 -0.499931874385737 -0.5
0.00945 -0.499932082920188 -0.5
0.0094 -0.499932287036908 -0.5
0.00935 -0.499932284234135 -0.5
0.0093 -0.499932471817559 -0.5
0.00925 -0.499932655031672 -0.5
0.00920000000000001 -0.499932833906726 -0.5
0.00915000000000001 -0.499933008348727 -0.5
0.00910000000000001 -0.499933178494984 -0.5
0.00905000000000001 -0.499933344153696 -0.5
0.00900000000000001 -0.499933505456788 -0.5
0.00895000000000001 -0.499933662331188 -0.5
0.00890000000000001 -0.499940698372773 -0.5
0.00885000000000001 -0.499940921559835 -0.5
0.00880000000000001 -0.499941139244679 -0.5
0.00875000000000001 -0.499941351431247 -0.5
0.00870000000000001 -0.499941558069919 -0.5
0.00865000000000001 -0.499941759105479 -0.5
0.00860000000000001 -0.499941954593822 -0.5
0.00855000000000001 -0.499942144331208 -0.5
0.00850000000000001 -0.499942328415089 -0.5
0.00845000000000001 -0.499942506817578 -0.5
0.00840000000000001 -0.499942825774298 -0.5
0.00835000000000001 -0.499942890093291 -0.5
0.00830000000000001 -0.499942948779476 -0.5
0.00825000000000001 -0.499942446750836 -0.5
0.00820000000000001 -0.499942590208361 -0.5
0.00815000000000001 -0.499938972185985 -0.5
0.00810000000000001 -0.499938098776632 -0.5
0.00805000000000001 -0.499938260649525 -0.5
0.00800000000000001 -0.499938675898901 -0.5
0.00795000000000001 -0.499939084397325 -0.5
0.00790000000000001 -0.499939486102478 -0.5
0.00785000000000001 -0.499935678116817 -0.5
0.00780000000000001 -0.499936119686091 -0.5
0.00775000000000001 -0.499936556003888 -0.5
0.00770000000000001 -0.499936987153677 -0.5
0.00765000000000001 -0.499937413258923 -0.5
0.00760000000000001 -0.499937834328384 -0.5
0.00755000000000002 -0.499938250369276 -0.5
0.00750000000000002 -0.499938661532675 -0.5
0.00745000000000002 -0.499939067752535 -0.5
0.00740000000000002 -0.499939469091657 -0.5
0.00735000000000002 -0.499939865583066 -0.5
0.00730000000000002 -0.499940257205547 -0.5
0.00725000000000002 -0.499940644084336 -0.5
0.00720000000000002 -0.499941026103413 -0.5
0.00715000000000002 -0.499941403259483 -0.5
0.00710000000000002 -0.499941775664909 -0.5
0.00705000000000002 -0.499942143084756 -0.5
0.00700000000000002 -0.499942505609431 -0.5
0.00695000000000002 -0.499942863104212 -0.5
0.00690000000000002 -0.49994321563598 -0.5
0.00685000000000002 -0.499943563076088 -0.5
0.00680000000000002 -0.499943905322666 -0.5
0.00675000000000002 -0.499944242211727 -0.5
0.00670000000000002 -0.499944573825665 -0.5
0.00665000000000002 -0.499944899822075 -0.5
0.00660000000000002 -0.499945220352788 -0.5
0.00655000000000002 -0.499945535035104 -0.5
0.00650000000000002 -0.4999458438389 -0.5
0.00645000000000002 -0.499946146703313 -0.5
0.00640000000000002 -0.499946443240045 -0.5
0.00635000000000002 -0.499946733509718 -0.5
0.00630000000000002 -0.499947017193231 -0.5
0.00625000000000002 -0.499947294239417 -0.5
0.00620000000000002 -0.499947564279694 -0.5
0.00615000000000002 -0.499947827242153 -0.5
0.00610000000000002 -0.499951127261259 -0.5
0.00605000000000002 -0.499951487931465 -0.5
0.00600000000000002 -0.499951673440095 -0.5
0.00595000000000002 -0.49995184988649 -0.5
0.00590000000000003 -0.499952016978845 -0.5
0.00585000000000003 -0.499952350455889 -0.5
0.00580000000000003 -0.499952492773395 -0.5
0.00575000000000003 -0.499952625119795 -0.5
0.00570000000000003 -0.499952747253329 -0.5
0.00565000000000003 -0.499952858838693 -0.5
0.00560000000000003 -0.499952959903106 -0.5
0.00555000000000003 -0.499953049954054 -0.5
0.00550000000000003 -0.499953128950379 -0.5
0.00545000000000003 -0.499953410063278 -0.5
0.00540000000000003 -0.499953803859126 -0.5
0.00535000000000003 -0.499954167545065 -0.5
0.00530000000000003 -0.499954536321726 -0.5
0.00525000000000003 -0.499954893138035 -0.5
0.00520000000000003 -0.49995522927886 -0.5
0.00515000000000003 -0.49995555876783 -0.5
0.00510000000000003 -0.499955875536135 -0.5
0.00505000000000003 -0.49995617929345 -0.5
0.00500000000000003 -0.499956476483055 -0.5
0.00495000000000003 -0.499958826193861 -0.5
0.00490000000000003 -0.499959257329154 -0.5
0.00485000000000003 -0.499959588802465 -0.5
0.00480000000000003 -0.499959923852793 -0.5
0.00475000000000003 -0.499960236362239 -0.5
0.00470000000000003 -0.499960533357954 -0.5
0.00465000000000003 -0.499960836381479 -0.5
0.00460000000000003 -0.499961127107844 -0.5
0.00455000000000003 -0.499961405186635 -0.5
0.00450000000000003 -0.499964164340399 -0.5
0.00445000000000003 -0.499964553289506 -0.5
0.00440000000000003 -0.499964913548741 -0.5
0.00435000000000003 -0.499965264238193 -0.5
0.00430000000000003 -0.499965604949734 -0.5
0.00425000000000003 -0.499965935036798 -0.5
0.00420000000000004 -0.499966254004562 -0.5
0.00415000000000004 -0.499966560960002 -0.5
0.00410000000000004 -0.499966842603305 -0.5
0.00405000000000004 -0.499967193796025 -0.5
0.00400000000000004 -0.499967455738264 -0.5
0.00395000000000004 -0.499968367517856 -0.5
0.00390000000000004 -0.499968662873975 -0.5
0.00385000000000004 -0.499968944610706 -0.5
0.00380000000000004 -0.499969211928769 -0.5
0.00375000000000004 -0.499969916288967 -0.5
0.00370000000000004 -0.499970144079653 -0.5
0.00365000000000004 -0.499970336948328 -0.5
0.00360000000000004 -0.499970512491038 -0.5
0.00355000000000004 -0.499970669862267 -0.5
0.00350000000000004 -0.499970808162024 -0.5
0.00345000000000004 -0.499970926192715 -0.5
0.00340000000000004 -0.499971023016452 -0.5
0.00335000000000004 -0.499971104457822 -0.5
0.00330000000000004 -0.499971157366261 -0.5
0.00325000000000003 -0.499971186587776 -0.5
0.00320000000000003 -0.499974819699468 -0.5
0.00315000000000003 -0.49997505729933 -0.5
0.00310000000000003 -0.499975283903401 -0.5
0.00305000000000003 -0.499975498717128 -0.5
0.00300000000000003 -0.49997570065396 -0.5
0.00295000000000003 -0.499975547582955 -0.5
0.00290000000000003 -0.499975678877125 -0.5
0.00285000000000003 -0.499975794620795 -0.5
0.00280000000000003 -0.499975893310064 -0.5
0.00275000000000003 -0.499976013398978 -0.5
0.00270000000000003 -0.499976068684206 -0.5
0.00265000000000003 -0.499976102111339 -0.5
0.00260000000000003 -0.499978075266639 -0.5
0.00255000000000003 -0.49997823403063 -0.5
0.00250000000000003 -0.499978380071545 -0.5
0.00245000000000003 -0.499978506729841 -0.5
0.00240000000000003 -0.499978633056506 -0.5
0.00235000000000003 -0.49997870457862 -0.5
0.00230000000000003 -0.499978748080531 -0.5
0.00225000000000003 -0.499978760940509 -0.5
0.00220000000000003 -0.499978739965506 -0.5
0.00215000000000003 -0.499980130627659 -0.5
0.00210000000000003 -0.49998000535719 -0.5
0.00205000000000003 -0.499981169209819 -0.5
0.00200000000000003 -0.499982269844394 -0.5
0.00195000000000003 -0.499981263941338 -0.5
0.00190000000000003 -0.499981165314777 -0.5
0.00185000000000003 -0.499981035736255 -0.5
0.00180000000000003 -0.499980892265553 -0.5
0.00175000000000003 -0.499980761144882 -0.5
0.00170000000000003 -0.499980569209445 -0.5
0.00165000000000003 -0.499980379096516 -0.5
0.00160000000000003 -0.499980122355254 -0.5
0.00155000000000003 -0.499981432896888 -0.5
0.00150000000000003 -0.499981262260217 -0.5
0.00145000000000003 -0.499981061392457 -0.5
0.00140000000000003 -0.499981654450151 -0.5
0.00135000000000003 -0.499981436679989 -0.5
0.00130000000000003 -0.499981961336079 -0.5
0.00125000000000003 -0.499981866045147 -0.5
0.00120000000000003 -0.499981752866526 -0.5
0.00115000000000003 -0.499981615214137 -0.5
0.00110000000000003 -0.499981443593369 -0.5
0.00105000000000003 -0.499981717623153 -0.5
0.00100000000000003 -0.499981635179552 -0.5
0.000950000000000033 -0.499981432927663 -0.5
0.000900000000000033 -0.49998158452703 -0.5
0.000850000000000033 -0.499981793888915 -0.5
0.000800000000000033 -0.499981725706097 -0.5
0.000750000000000033 -0.499981641670844 -0.5
0.000700000000000033 -0.499981610770585 -0.5
0.000650000000000033 -0.499981478211737 -0.5
0.000600000000000033 -0.49998123037039 -0.5
0.000550000000000033 -0.499981080580393 -0.5
0.000500000000000033 -0.499981594729745 -0.5
0.000450000000000033 -0.499981592317541 -0.5
0.000400000000000033 -0.499981891933643 -0.5
0.000350000000000033 -0.499981878479855 -0.5
0.000300000000000033 -0.499981891463041 -0.5
0.000250000000000033 -0.499981878313383 -0.5
0.000200000000000033 -0.499981878011614 -0.5
0.000150000000000033 -0.499981936984584 -0.5
0.000100000000000033 -0.4999819513801 -0.5
5.00000000000331E-05 -0.499981945887097 -0.5
