0.5 14.7479337570085 -0.5
0.7 6.46991747681272 -0.5
0.9 3.26218670999265 -0.5
1.1 1.7376086637651 -0.5
1.3 0.917036366161445 -0.5
1.5 0.437017517409793 -0.5
1.7 0.139100381109052 -0.5
1.9 -0.0540553906681163 -0.5
2.1 -0.18350479056335 -0.5
2.3 -0.272501538038141 -0.5
2.5 -0.334913917197177 -0.5
2.7 -0.379359451441582 -0.5
2.9 -0.411399308846579 -0.5
3.1 -0.434708458723999 -0.5
3.3 -0.451784275181944 -0.5
3.5 -0.464357176007952 -0.5
3.7 -0.473646994323358 -0.5
3.9 -0.480526213815141 -0.5
4.1 -0.485624428156556 -0.5
4.3 -0.489404601564617 -0.5
4.5 -0.492205430489951 -0.5
4.7 -0.494278141470746 -0.5
4.9 -0.495809455198052 -0.5
5.1 -0.496938532014443 -0.5
5.3 -0.497769310469658 -0.5
5.5 -0.498378137509562 -0.5
5.7 -0.498824018481824 -0.5
5.9 -0.499149434313902 -0.5
6.1 -0.499386293346331 -0.5
6.3 -0.499558243010498 -0.5
6.5 -0.499682774187827 -0.5
6.7 -0.499772824344599 -0.5
6.9 -0.499837380698602 -0.5
7.1 -0.499883928995367 -0.5
7.3 -0.499917309084615 -0.5
7.5 -0.499941195367976 -0.5
7.7 -0.499958255052005 -0.5
7.9 -0.499970421933964 -0.5
8.1 -0.499979103253036 -0.5
8.3 -0.49998520119166 -0.5
8.5 -0.499989556613479 -0.5
8.7 -0.499992639989589 -0.5
8.9 -0.499994819652324 -0.5
9.1 -0.499996358478643 -0.5
9.3 -0.499997444077249 -0.5
9.5 -0.499998211225843 -0.5
9.7 -0.499998759804433 -0.5
9.9 -0.499999120873132 -0.5
10.1 -0.499999385573195 -0.5
10.3 -0.499999571116093 -0.5
10.5 -0.499999701052793 -0.5
10.7 -0.499999791992173 -0.5
10.9 -0.499999855687809 -0.5
11.1 -0.499999900734941 -0.5
11.3 -0.499999934122382 -0.5
11.5 -0.499999952364743 -0.5
11.7 -0.499999967404445 -0.5
11.9 -0.499999977878181 -0.5
12.1 -0.499999985169161 -0.5
12.3 -0.499999990232137 -0.5
12.5 -0.499999993764447 -0.5
12.7 -0.49999999628431 -0.5
12.9 -0.499999998288692 -0.5
13.1 -0.499999999056284 -0.5
13.3 -0.499999999875158 -0.5
13.5 -0.500000000445473 -0.5
13.7 -0.500000000844057 -0.5
13.9 -0.500000001111419 -0.5
14.1 -0.500000001297472 -0.5
14.3 -0.5000000014315 -0.5
14.5 -0.500000001544728 -0.5
14.7 -0.500000001702191 -0.5
14.9 -0.500000001624835 -0.5


0.5 -0.859821352042098 -0.5
0.49 -0.828346818946453 -0.5
0.48 -0.799610744545987 -0.5
0.47 -0.773359285239754 -0.5
0.46 -0.749363892521582 -0.5
0.45 -0.727418669614705 -0.5
0.44 -0.707337958828363 -0.5
0.43 -0.688954308089293 -0.5
0.42 -0.67211654516151 -0.5
0.41 -0.656688156549558 -0.5
0.4 -0.642545803823446 -0.5
0.39 -0.629578002385327 -0.5
0.38 -0.617683937524212 -0.5
0.37 -0.606772401817215 -0.5
0.36 -0.596760840277284 -0.5
0.35 -0.587574365375216 -0.5
0.34 -0.579145350593725 -0.5
0.33 -0.571412284254304 -0.5
0.32 -0.564319391401018 -0.5
0.31 -0.557816011847376 -0.5
0.3 -0.551856088791257 -0.5
0.29 -0.546397707792452 -0.5
0.28 -0.541402681248815 -0.5
0.27 -0.536836173678698 -0.5
0.26 -0.532666363675462 -0.5
0.25 -0.528864138901869 -0.5
0.24 -0.525402820679933 -0.5
0.23 -0.522257915068465 -0.5
0.22 -0.519406887476798 -0.5
0.21 -0.516828958478054 -0.5
0.2 -0.514504918454684 -0.5
0.19 -0.512416958870805 -0.5
0.18 -0.51054851828528 -0.5
0.17 -0.508884141434388 -0.5
0.16 -0.507409349748223 -0.5
0.15 -0.506110522041179 -0.5
0.14 -0.50497478366257 -0.5
0.13 -0.503989903403371 -0.5
0.12 -0.503144196762555 -0.5
0.11 -0.502426434771259 -0.5
0.0999999999999997 -0.501825757372129 -0.5
0.0899999999999997 -0.501331590682857 -0.5
0.0799999999999997 -0.500933567325263 -0.5
0.0699999999999997 -0.50062144926562 -0.5
0.0599999999999997 -0.50038505270936 -0.5
0.0499999999999997 -0.500214174560865 -0.5
0.0399999999999997 -0.500098520294092 -0.5
0.0299999999999997 -0.500027633086321 -0.5
0.0199999999999997 -0.499990824165142 -0.5
0.00999999999999969 -0.499977105430133 -0.5
