0.5 14.7168521742463 -0.5
0.7 6.45914164041974 -0.5
0.9 3.25741817119154 -0.5
1.1 1.73504409014924 -0.5
1.3 0.91539150053985 -0.5
1.5 0.435774148315155 -0.5
1.7 0.138007593606516 -0.5
1.9 -0.055151777542928 -0.5
2.1 -0.184732118091186 -0.5
2.3 -0.273996613702731 -0.5
2.5 -0.336847087117373 -0.5
2.7 -0.381961439913398 -0.5
2.9 -0.414960907127262 -0.5
3.1 -0.439603246747979 -0.5
3.3 -0.451860382850771 -0.5
3.5 -0.464510585658018 -0.5
3.7 -0.473941820247463 -0.5
3.9 -0.481063938219602 -0.5
4.1 -0.486556063995715 -0.5
4.3 -0.49093450234939 -0.5
4.5 -0.492222954137294 -0.5
4.7 -0.494320008951096 -0.5
4.9 -0.495900719790647 -0.5
5.1 -0.497121528141126 -0.5
5.3 -0.498109554009123 -0.5
5.5 -0.498970799817777 -0.5
5.7 -0.498828335669172 -0.5
5.9 -0.499160389750462 -0.5
6.1 -0.499411493863257 -0.5
6.3 -0.499611373853409 -0.5
6.5 -0.499786456338182 -0.5
6.7 -0.499961736454123 -0.5
6.9 -0.499838022438391 -0.5
7.1 -0.49988569109717 -0.5
7.3 -0.49992169659655 -0.5
7.5 -0.499951206949902 -0.5
7.7 -0.499979387339014 -0.5
7.9 -0.500012024924212 -0.5
8.1 -0.500056045077226 -0.5
8.3 -0.49998534245711 -0.5
8.5 -0.499989959058785 -0.5
8.7 -0.499993685906653 -0.5
8.9 -0.499997321647795 -0.5
9.1 -0.500001911746716 -0.5
9.3 -0.500008960905596 -0.5
9.5 -0.500020670322332 -0.5
9.7 -0.499998759804433 -0.5
9.9 -0.499999171771058 -0.5
10.1 -0.499999531500086 -0.5
10.3 -0.499999955431054 -0.5
10.5 -0.500000637698838 -0.5
10.7 -0.500001918658456 -0.5
10.9 -0.500004381412796 -0.5
11.1 -0.499999900734941 -0.5
11.3 -0.499999934122382 -0.5
11.5 -0.499999963486382 -0.5
11.7 -0.50000000118234 -0.5
11.9 -0.500000072167818 -0.5
12.1 -0.500000228742682 -0.5
12.3 -0.500000576006281 -0.5
12.5 -0.50000131282264 -0.5
12.7 -0.49999999628431 -0.5
12.9 -0.499999998288692 -0.5
13.1 -0.500000000563218 -0.5
13.3 -0.500000004919977 -0.5
13.5 -0.500000015921016 -0.5
13.7 -0.500000044601139 -0.5
13.9 -0.500000115916386 -0.5
14.1 -0.500000282263549 -0.5
14.3 -0.5000000014315 -0.5
14.5 -0.500000001544728 -0.5
14.7 -0.500000001702191 -0.5
14.9 -0.500000002094118 -0.5


0.5 -0.859826301061155 -0.5
0.49 -0.828346818946453 -0.5
0.48 -0.799610944393593 -0.5
0.47 -0.773361076734684 -0.5
0.46 -0.749373269380708 -0.5
0.45 -0.727452415480587 -0.5
0.44 -0.707338011453703 -0.5
0.43 -0.688954578446836 -0.5
0.42 -0.672117570758783 -0.5
0.41 -0.656691235529055 -0.5
0.4 -0.6425534982198 -0.5
0.39 -0.629594621864516 -0.5
0.38 -0.61771586010783 -0.5
0.37 -0.606828136090655 -0.5
0.36 -0.596760840277284 -0.5
0.35 -0.587574490988998 -0.5
0.34 -0.579145610555786 -0.5
0.33 -0.571412774967693 -0.5
0.32 -0.564320248126671 -0.5
0.31 -0.557817411151808 -0.5
0.3 -0.551858247042611 -0.5
0.29 -0.546400875736423 -0.5
0.28 -0.541407135486998 -0.5
0.27 -0.536842205510214 -0.5
0.26 -0.532674266548645 -0.5
0.25 -0.528874196430976 -0.5
0.24 -0.525415294611224 -0.5
0.23 -0.522273035511256 -0.5
0.22 -0.519424844572103 -0.5
0.21 -0.516849896751076 -0.5
0.2 -0.514528933338517 -0.5
0.19 -0.512444095497055 -0.5
0.18 -0.51057877193252 -0.5
0.17 -0.508917460548604 -0.5
0.16 -0.507445638775053 -0.5
0.15 -0.506149647411545 -0.5
0.14 -0.505016578079182 -0.5
0.13 -0.504034172931949 -0.5
0.12 -0.503190726808882 -0.5
0.11 -0.502474996070144 -0.5
0.0999999999999997 -0.501876112278623 -0.5
0.0899999999999997 -0.501383499204134 -0.5
0.0799999999999997 -0.500986792278661 -0.5
0.0699999999999997 -0.500675761548111 -0.5
0.0599999999999997 -0.500440235552943 -0.5
0.0499999999999997 -0.500270027291363 -0.5
0.0399999999999997 -0.500154862440635 -0.5
0.0299999999999997 -0.500084307684837 -0.5
0.0199999999999997 -0.50004769939951 -0.5
0.00999999999999969 -0.500034077814837 -0.5
