0 0 0 0
0.015625 0.0153827347984683 0.0153827568282095 2.2029741218732E-08
0.03125 0.0302884944235179 0.0302885385773858 4.41538678813691E-08
0.046875 0.0447283723343289 0.0447284374673057 6.51329768452946E-08
0.0625 0.0587132316972518 0.0587133164258422 8.472859044234E-08
0.078125 0.0722537107537228 0.072253813532516 1.02778793198421E-07
0.09375 0.0853602273033136 0.0853603463793782 1.19076064619694E-07
0.109375 0.0980429829095603 0.0980431163507196 1.33441159233527E-07
0.125 0.110311967119698 0.110312112823074 1.45703376239203E-07
0.140625 0.122176961587086 0.122177117286962 1.556998767277E-07
0.15625 0.133647544116217 0.133647707391785 1.63275567566235E-07
0.171875 0.144733092632351 0.144733260915269 1.68282918266982E-07
0.1875 0.155442789051288 0.155442959658825 1.70607537403056E-07
0.203125 0.165785623192146 0.165785793270163 1.70078016892283E-07
0.21875 0.175770396425924 0.175770562994482 1.66568558029878E-07
0.234375 0.18540572538862 0.185405885355538 1.59966918544807E-07
0.25 0.194700045577797 0.194700195767851 1.5019005406014E-07
0.265625 0.203661614991838 0.203661752081312 1.37089473994934E-07
0.28125 0.212298517500173 0.212298638059408 1.20559234983997E-07
0.296875 0.220618666250398 0.220618766792288 1.0054188923081E-07
0.3125 0.228629807126106 0.228629884045826 7.69197198158267E-08
0.328125 0.236339521960853 0.236339571547879 4.95870252359421E-08
0.34375 0.243755231689575 0.243755250212856 1.85232804095214E-08
0.359375 0.250884199721231 0.250884183305733 1.64154983495202E-08
0.375 0.257733534821358 0.257733479546615 5.52747430049294E-08
0.390625 0.264310194242043 0.264310096156925 9.80851172505126E-08
0.40625 0.270620986833858 0.270620841848292 1.44985566552513E-07
0.421875 0.276672575699552 0.276672379755165 1.95944387604285E-07
0.4375 0.282471481422465 0.282471230312203 2.51110261750842E-07
0.453125 0.288024084525015 0.28802377407743 3.10447585472051E-07
0.46875 0.293336628583412 0.293336254502152 3.74081259468806E-07
0.484375 0.298415222634293 0.29841478064861 4.41985683108381E-07
0.5 0.303265844119394 0.303265329856317 5.14263076956123E-07
0.515625 0.307894341251004 0.307893750358027 5.90892977048174E-07
0.53125 0.312306435812007 0.312305763846247 6.71965760201676E-07
0.546875 0.316507725444553 0.316506967991202 7.5745335054167E-07
0.5625 0.320503686360414 0.320502838911144 8.47449269480993E-07
0.578125 0.324299675500607 0.324298733595866 9.4190474142497E-07
0.59375 0.327900933211862 0.327899892284293 1.04092756830765E-06
0.609375 0.331312585238884 0.331311440796985 1.14444189902585E-06
0.625 0.334539645396826 0.334538392824369 1.25257245742194E-06
0.640625 0.337587017390096 0.337585652171535 1.36521856158867E-06
0.65625 0.34045949746486 0.340458014960365 1.48250449522047E-06
0.671875 0.343161776140073 0.343160171789804 1.6043502690799E-06
0.6875 0.345698440666854 0.345696709855022 1.73081183213464E-06
0.703125 0.348073976944438 0.348072115026233 1.86191820500392E-06
0.71875 0.350292771490406 0.350290773887914 1.99760249242065E-06
0.734375 0.352359113712554 0.352356975739138 2.13797341569455E-06
0.75 0.354277197462516 0.354274914555761 2.28290675502452E-06
0.765625 0.35605112340961 0.356048690915137 2.43249447268168E-06
0.78125 0.357684900613667 0.357682313884074 2.58672959291273E-06
0.796875 0.359182448419264 0.359179702870695 2.74554856882769E-06
0.8125 0.360547598497492 0.360544689440877 2.90905661415319E-06
0.828125 0.361784096211726 0.361781019099915 3.07711181118941E-06
0.84375 0.362895602832371 0.362892353040053 3.24979231874911E-06
0.859375 0.363885696983024 0.363882269854523 3.42712850104343E-06
0.875 0.364757876218085 0.364754267218695 3.60899939017001E-06
0.890625 0.365515559023931 0.365511763538954 3.79548497603244E-06
0.90625 0.366162086145776 0.366158099569904 3.98657587180606E-06
0.921875 0.366700722185916 0.36669654000047 4.18218544601112E-06
0.9375 0.367134657398787 0.367130275009499 4.38238928790469E-06
0.953125 0.367467008935619 0.367462421791395 4.58714422402196E-06
0.96875 0.367700822445831 0.367696026052368 4.79639346334659E-06
0.984375 0.36783907368159 0.367834063477824 5.01020376597605E-06
1 0.367884669691661 0.367879441171442 5.22852021905829E-06
1.015625 0.367840450359663 0.367834999066464 5.45129319928783E-06
1.03125 0.367709189891296 0.367703511309695 5.67858160049894E-06
1.046875 0.367493597964715 0.367487687618754 5.91034596109097E-06
1.0625 0.367196321128089 0.367190174613035 6.14651505337349E-06
1.078125 0.366819944264221 0.366813557118897 6.38714532441575E-06
1.09375 0.366366991681538 0.366360359449541 6.6322319969836E-06
1.109375 0.365839928322485 0.365833046660067 6.88166241785693E-06
1.125 0.365241161274938 0.365234025778143 7.13549679415282E-06
1.140625 0.364573040779913 0.364565647010775 7.39376913744261E-06
1.15625 0.363837861250052 0.363830204927593 7.65632245830483E-06
1.171875 0.363037862845656 0.363029939621111 7.92322454495897E-06
1.1875 0.362175232345873 0.362167037844383 8.19450149053269E-06
1.203125 0.361252104202704 0.361243634126474 8.470076230227E-06
1.21875 0.360270561777593 0.360261811866171 8.74991142285619E-06
1.234375 0.359232638451234 0.359223604404324 9.0340469101613E-06
1.25 0.358140318583713 0.358130996075238 9.32250847490712E-06
1.265625 0.356995538381611 0.356985923237485 9.61514412539666E-06
1.28125 0.355800187306489 0.355790275284543 9.9120219461124E-06
1.296875 0.354556108794615 0.354545895635621 1.02131589936882E-05
1.3125 0.353265101231004 0.353254582707054 1.0518523950398E-05
1.328125 0.351928918892393 0.351918090864628 1.08280277642536E-05
1.34375 0.350549273080104 0.350538131357195 1.11417229087252E-05
1.359375 0.349127832870034 0.349116373231922 1.14596381118326E-05
1.375 0.347666225923142 0.347654444231526 1.17816916152536E-05
1.390625 0.346166039527549 0.34615393167384 1.21078537083097E-05
1.40625 0.344628821474933 0.344616383314021 1.24381609118429E-05
1.421875 0.34305608083626 0.343043308189747 1.27726465122824E-05
1.4375 0.341449288660896 0.341436177449721 1.31112111749765E-05
1.453125 0.339809879014758 0.339796425165779 1.34538489791058E-05
1.46875 0.338139249719542 0.338125449128937 1.38005906052951E-05
1.484375 0.336438763096166 0.336424611629657 1.41514665087383E-05
1.5 0.334709746624735 0.334695240222645 1.45064020901642E-05
1.515625 0.332953493843152 0.332938628476466 1.48653666866005E-05
1.53125 0.331171265109061 0.331156036708265 1.52284007963743E-05
1.546875 0.329364288231032 0.329348692703875 1.559552715652E-05
1.5625 0.327533759150033 0.32751779242359 1.59667264429952E-05
1.578125 0.325680842601999 0.325664500693871 1.63419081284921E-05
1.59375 0.323806673020327 0.323789951885254 1.67211350732277E-05
1.609375 0.321912354997879 0.321895250576726 1.71044211528248E-05
1.625 0.319998964015855 0.319981472206815 1.74918090392051E-05
1.640625 0.318067546853523 0.318049663711656 1.78831418666814E-05
1.65625 0.316119122658694 0.316100844150274 1.82785084201775E-05
1.671875 0.314154683233355 0.314136005317331 1.86779160245565E-05
1.6875 0.312175193737475 0.312156112343576 1.90813938986678E-05
1.703125 0.310181593204997 0.310162104284226 1.94889207701388E-05
1.71875 0.30817479511808 0.308154894695516 1.99004225638344E-05
1.734375 0.306155688165163 0.306135372199636 2.03159655274288E-05
1.75 0.304125136603252 0.304104401038279 2.07355649725627E-05
1.765625 0.302083980876157 0.302062821615027 2.11592611299438E-05
1.78125 0.300033038008197 0.300011451026766 2.15869814310099E-05
1.796875 0.297973102309026 0.297951083584363 2.20187246622872E-05
1.8125 0.295904945859957 0.2958824913228 2.24545371569906E-05
1.828125 0.29382931894064 0.293806424500956 2.2894439684118E-05
1.84375 0.291746950568148 0.291723612091263 2.33384768850708E-05
1.859375 0.289658548826304 0.289634762259401 2.37865669029391E-05
1.875 0.28756480156687 0.287540562834241 2.42387326288562E-05
1.890625 0.285466376785392 0.285441681768214 2.46950171784444E-05
1.90625 0.283363923032288 0.283338767588296 2.51554439923418E-05
1.921875 0.2812580698941 0.281232449837789 2.56200563107933E-05
1.9375 0.279149428319452 0.279123339509066 2.60888103863488E-05
1.953125 0.277038591162653 0.277012029467466 2.65616951872771E-05
1.96875 0.27492613363799 0.274899094866504 2.70387714857989E-05
1.984375 0.272812613618435 0.272785093554562 2.75200638731876E-05
2 0.270698572084381 0.270670566473225 2.80056111556237E-05
2.015625 0.268584533482177 0.268556038047432 2.8495434745146E-05
2.03125 0.266471006024478 0.266442016567582 2.89894568958893E-05
2.046875 0.264358482332099 0.264328994563777 2.94877683222339E-05
2.0625 0.262247439567369 0.262217449172323 2.9990395045254E-05
2.078125 0.260138339866387 0.260107842494669 3.04973717178414E-05
2.09375 0.258031630698215 0.258000621948903 3.10087493119449E-05
2.109375 0.25592774510042 0.255896220613978 3.15244864419473E-05
2.125 0.253827102171788 0.253795057566779 3.20446050086076E-05
2.140625 0.251730107378478 0.251697538212195 3.25691662836358E-05
2.15625 0.249637152809892 0.249604054606318 3.30982035745553E-05
2.171875 0.247548617531827 0.247514985772907 3.3631758919711E-05
2.1875 0.245464867902891 0.245430698013252 3.41698896387521E-05
2.203125 0.243386257743163 0.243351545209553 3.47125336101761E-05
2.21875 0.241313128885561 0.241277869121959 3.52597636014418E-05
2.234375 0.239245811307879 0.239209999679381 3.58116284982501E-05
2.25 0.237184623431854 0.237148255264195 3.63681676589789E-05
2.265625 0.235129872418495 0.235092942990966 3.69294275290588E-05
2.28125 0.233081854445839 0.233044358979306 3.74954665329497E-05
2.296875 0.231040854877684 0.231002788620975 3.80662567086576E-05
2.3125 0.229007148694056 0.228968506841348 3.86418527078825E-05
2.328125 0.22698100067168 0.226941778355349 3.92223163306615E-05
2.34375 0.224962665610315 0.224922857917965 3.98076923497082E-05
2.359375 0.222952388599625 0.222911990569452 4.03980301723061E-05
2.375 0.220950405262225 0.220909411875326 4.09933868988077E-05
2.390625 0.218956941958252 0.218915348161246 4.15937970059954E-05
2.40625 0.21697221600628 0.216930016742902 4.21992633780899E-05
2.421875 0.21499643602378 0.214953626150981 4.28098727981718E-05
2.4375 0.213029802027288 0.212986376351337 4.34256759506424E-05
2.453125 0.211072505686368 0.211028458960434 4.40467259341382E-05
2.46875 0.209124730535816 0.209080057456177 4.46730796394013E-05
2.484375 0.207186652184007 0.207141347384204 4.53047998030254E-05
2.5 0.205258438468267 0.205212496559747 4.59419085195867E-05
2.515625 0.2033402497391 0.203293665265131 4.65844739695465E-05
2.53125 0.201432239003294 0.201385006443014 4.7232560280025E-05
2.546875 0.19953455211193 0.199486665885443 4.78862264870483E-05
2.5625 0.197647327951828 0.197598782418812 4.8545533016614E-05
2.578125 0.195770698626826 0.195721488084805 4.92105420212274E-05
2.59375 0.193904789634759 0.193854908317401 4.98813173583912E-05
2.609375 0.192049720036184 0.191999162116024 5.05579201595385E-05
2.625 0.190205602633024 0.19015436221491 5.1240418113524E-05
2.640625 0.188372544126593 0.188320615248767 5.19288778260962E-05
2.65625 0.186550645281088 0.186498021914812 5.26233662757614E-05
2.671875 0.184740001082781 0.18468667713124 5.33239515411454E-05
2.6875 0.182940700892779 0.182886670192215 5.40307005643947E-05
2.703125 0.181152828609893 0.181098084919437 5.47436904559662E-05
2.71875 0.179376462824972 0.179320999810369 5.54630146022694E-05
2.734375 0.177611676915386 0.177555488183174 5.61887322116372E-05
2.75 0.175858539237872 0.175801618318446 5.69209194266618E-05
2.765625 0.174117113250157 0.174059453597785 5.76596523722273E-05
2.78125 0.172387457645236 0.172329052639292 5.8405005944312E-05
2.796875 0.170669626482365 0.170610469430035 5.91570523305607E-05
2.8125 0.168963669338884 0.168903753455554 5.99158833307911E-05
2.828125 0.167269631452656 0.167208949826465 6.06816261910503E-05
2.84375 0.165587553733072 0.16552609940222 6.14543308513071E-05
2.859375 0.16391747299568 0.163855238912081 6.22340835997603E-05
2.875 0.162259422043707 0.16219640107336 6.30209703467444E-05
2.890625 0.160613429781937 0.160549614706996 6.38150749406874E-05
2.90625 0.158979521327555 0.158914904850502 6.46164770523039E-05
2.921875 0.157357718120446 0.157292292868354 6.54252520924103E-05
2.9375 0.155748038172813 0.155681796559858 6.62416129554588E-05
2.953125 0.154150495842792 0.154083430264567 6.70655782247509E-05
2.96875 0.15256510221066 0.152497204965276 6.78972453844739E-05
2.984375 0.150991865100434 0.150923128388658 6.87367117757631E-05
3 0.14943078917632 0.149361205103592 6.95840727284458E-05
3.015625 0.147881876036315 0.147811436617212 7.04394191025082E-05
3.03125 0.146345124303057 0.146273821468754 7.13028343033439E-05
3.046875 0.144820529777816 0.144748355321211 7.21744566055116E-05
3.0625 0.143308085545568 0.143235031050874 7.30544946939415E-05
3.078125 0.141807781803105 0.141733838834781 7.39429683234705E-05
3.09375 0.140319606224159 0.140244766236123 7.48399880352579E-05
3.109375 0.13884354395076 0.138767798287656 7.57456631042819E-05
3.125 0.137379577672062 0.137302917573148 7.66600989140775E-05
3.140625 0.135927687700983 0.135850104306918 7.75833940654669E-05
3.15625 0.134487852047592 0.134409336411486 7.85156361063355E-05
3.171875 0.133060046573486 0.132980589593396 7.945698009032E-05
3.1875 0.131644245150866 0.13156383741723 8.04077336363507E-05
3.203125 0.130240419242885 0.130159051377865 8.13678650204985E-05
3.21875 0.12884853847002 0.128766200971002 8.23374990178705E-05
3.234375 0.127468570521162 0.127385253762007 8.33167591545725E-05
3.25 0.126100481217869 0.126016175453097 8.43057647726131E-05
3.265625 0.12474423457611 0.124658929948904 8.53046272062119E-05
3.28125 0.123399792865635 0.123313479420462 8.63134451734165E-05
3.296875 0.122067116667086 0.121979784367633 8.7332299453291E-05
3.3125 0.120746165250186 0.120657803680019 8.83615701674084E-05
3.328125 0.119436896142689 0.119347494696386 8.94014463032333E-05
3.34375 0.1181392651669 0.118048813262631 9.04519042695534E-05
3.359375 0.11685322687406 0.116761713788327 9.1513085733283E-05
3.375 0.115578734431692 0.115486149301873 9.25851298195501E-05
3.390625 0.114315739673633 0.114222071504276 9.36681693572555E-05
3.40625 0.113064193147756 0.112969430821601 9.47623261555036E-05
3.421875 0.11182404416151 0.111728176456112 9.58677053979617E-05
3.4375 0.110595240989579 0.110498256436136 9.6984553442564E-05
3.453125 0.109377730894863 0.109279617664671 9.8113230191918E-05
3.46875 0.108171459668056 0.108072205966771 9.92537012851902E-05
3.484375 0.106976372262615 0.106875966135734 0.000100406126880892
3.5 0.105792412644662 0.105690841978115 0.000101570666546966
3.515625 0.104619523834254 0.104516776357589 0.000102747476664167
3.53125 0.103457647944778 0.103353711237699 0.000103936707078714
3.546875 0.102306726220548 0.102201587723495 0.000105138497053001
3.5625 0.101166699136563 0.101060346102103 0.000106353034460438
3.578125 0.100037506599186 0.099929925882247 0.000107580716938588
3.59375 0.0989190873841655 0.0988102658327333 0.000108821551432131
3.609375 0.0978113797376774 0.0977013040199349 0.000110075717742478
3.625 0.0967143212401849 0.0966029778442886 0.000111343395896232
3.640625 0.0956278488400371 0.095515224075831 0.000112624764206051
3.65625 0.0945518988853448 0.0944379788887912 0.000113919996553552
3.671875 0.0934864071541305 0.0933711778952633 0.000115229258867144
3.6875 0.0924313088994599 0.092314756177978 0.000116552721481825
3.703125 0.0913865391421163 0.0912686483221926 0.000117890819923708
3.71875 0.0903520320648739 0.0902327884467198 0.000119243618154144
3.734375 0.0893277215348254 0.0892071102341141 0.000120611300711337
3.75 0.0883135410145854 0.0881915469600341 0.000121994054551225
3.765625 0.0873094236010426 0.0871860315217994 0.000123392079243195
3.78125 0.0863153020350951 0.0861904964661592 0.000124805568935946
3.796875 0.0853311087244649 0.0852048740162918 0.000126234708173162
3.8125 0.0843567758522148 0.0842290960980506 0.000127679754164195
3.828125 0.083392235423552 0.083263094365474 0.000129141058078042
3.84375 0.0824374189506569 0.0823068002255761 0.0001306187250808
3.859375 0.0814922578415415 0.0813601448624338 0.000132112979107701
3.875 0.0805566833051866 0.0804230592605865 0.000133624044600086
3.890625 0.0796306263719236 0.0794954742277638 0.000135152144159781
3.90625 0.0787140179124639 0.0785773204169566 0.000136697495507335
3.921875 0.0778067886555876 0.0776685283478458 0.000138260307741778
3.9375 0.0769088693487832 0.0767690284276046 0.000139840921178594
3.953125 0.0760201905802907 0.0758787509710871 0.000141439609203611
3.96875 0.0751406827696074 0.0749976262204182 0.000143056549189197
3.984375 0.0742702763546174 0.0741255843639984 0.00014469199061902
4 0.073408901738751 0.0732625555549367 0.00014634618381433
4.015625 0.072556489306741 0.0724084699289247 0.000148019377816333
4.03125 0.0717129694392313 0.0715632576215651 0.000149711817666279
4.046875 0.0708782725262982 0.0707268487851671 0.000151423741131057
4.0625 0.0700523291424954 0.0698991736050213 0.000153155537474123
4.078125 0.0692350697768127 0.069080162315165 0.000154907461647716
4.09375 0.0684264249559947 0.0682697452136522 0.000156679742342486
4.109375 0.0676263253349841 0.0674678526773371 0.000158472657647082
4.125 0.0668347016632418 0.0666744151761842 0.000160286487057612
4.140625 0.0660514847967552 0.0658893632871165 0.00016212150963868
4.15625 0.065276605709073 0.0651126277074107 0.000163978001662235
4.171875 0.0645099955013904 0.0643441392676521 0.000165856233738285
4.1875 0.0637515855576503 0.0635838289442589 0.00016775661339137
4.203125 0.0630013073035813 0.0628316278715857 0.00016967943199564
4.21875 0.0622590923045345 0.062087467353617 0.000171624950917493
4.234375 0.0615248723554268 0.0613512788752601 0.000173593480166677
4.25 0.0607985794450418 0.0606229941132468 0.000175585331795007
4.265625 0.0600801457678765 0.0599025449466542 0.000177600821222347
4.28125 0.0593695037635976 0.0591898634670522 0.00017964029654547
4.296875 0.0586665860032725 0.0584848819882887 0.000181704014983866
4.3125 0.0579713254929545 0.0577875330559198 0.000183792437034633
4.328125 0.0572836553184938 0.0570977494562943 0.000185905862199513
4.34375 0.0566035088235799 0.0564154642253007 0.000188044598279223
4.359375 0.0559308196469969 0.0557406106567852 0.000190208990211702
4.375 0.0552655216954437 0.0550731223106487 0.000192399384794942
4.390625 0.0546075491491626 0.054412933020631 0.000194616128531611
4.40625 0.0539568364667042 0.053759976901789 0.000196859564915247
4.421875 0.0533133184011771 0.0531141883576777 0.000199130043499363
4.4375 0.0526769301808856 0.0524755020872412 0.000201428093644394
4.453125 0.0520476070730227 0.05184385309142 0.000203753981602696
4.46875 0.0514252847670786 0.0512191766794827 0.000206108087595899
4.484375 0.0508098992706823 0.0506014084750889 0.000208490795593326
4.5 0.0502013869139908 0.0499904844220904 0.000210902491900422
4.515625 0.0495996843532545 0.0493863407900756 0.00021334356317896
4.53125 0.0490047285736852 0.0487889141796665 0.000215814394018604
4.546875 0.0484164569237409 0.0481981415275728 0.000218315396168151
4.5625 0.0478348072165515 0.0476139601114087 0.000220847105142787
4.578125 0.0472597174003104 0.047036307554281 0.000223409846029407
4.59375 0.0466911258714377 0.0464651218291522 0.000226004042285559
4.609375 0.0461289713847455 0.0459003412629852 0.000228630121760352
4.625 0.0455731930561499 0.045341904540676 0.000231288515473924
4.640625 0.0450237303646403 0.0447897507087785 0.000233979655861728
4.65625 0.0444805231536422 0.0442438191790289 0.000236703974613305
4.671875 0.0439435116568223 0.0437040497316724 0.000239461925149939
4.6875 0.0434126366095019 0.0431703825186007 0.00024225409090127
4.703125 0.0428878389121467 0.042642758066302 0.000245080845844743
4.71875 0.0423690599404151 0.0421211172786316 0.000247942661783587
4.734375 0.0418562414552206 0.0416054014394053 0.000250840015815219
4.75 0.0413493256040939 0.041095552214823 0.00025377338927092
4.765625 0.0408482549219931 0.0405915116557244 0.000256743266268691
4.78125 0.0403529723315591 0.0400932221996839 0.000259750131875243
4.796875 0.03986342114284 0.0396006266729479 0.000262794469892087
4.8125 0.039379545227909 0.0391136682922188 0.000265876935690218
4.828125 0.0389012886234366 0.0386322906662901 0.000268997957146494
4.84375 0.0384285958536642 0.0381564377975377 0.000272158056126473
4.859375 0.0379614118480638 0.0376860540832702 0.00027535776479358
4.875 0.0374996819376415 0.0372210843169423 0.000278597620699213
4.890625 0.0370433518544742 0.0367614736892368 0.00028187816523742
4.90625 0.0365923677725404 0.0363071677890166 0.000285199983523776
4.921875 0.0361466761926207 0.0358581126041528 0.000288563588467836
4.9375 0.0357062241611899 0.0354142545222305 0.000291969638959409
4.953125 0.0352709590180249 0.0349755403311371 0.000295418686887844
4.96875 0.0348408285075348 0.0345419172195369 0.000298911287997868
4.984375 0.0344157808127541 0.0341133327772339 0.000302448035520118
5 0.0339957645242557 0.0336897349954273 0.000306029528828404
5.015625 0.0335807286388545 0.0332710722668629 0.000309656371991596
5.03125 0.0331706225578005 0.0328572933858831 0.000313329171917384
5.046875 0.0327653960844405 0.0324483475483788 0.000317048536061709
5.0625 0.032364999553843 0.0320441843516466 0.000320815202196359
5.078125 0.0319693835775601 0.0316447537941533 0.000324629783406812
5.09375 0.0315784991811944 0.031250006275212 0.000328492905982407
5.109375 0.031192297825999 0.0308598925945709 0.000332405231428162
5.125 0.0308107313805002 0.0304743639519195 0.000336367428580744
5.140625 0.0304337521187534 0.0300933719463131 0.000340380172440306
5.15625 0.0300613127180765 0.0297168685755193 0.000344444142557254
5.171875 0.0296933662563563 0.0293448062352887 0.000348560021067618
5.1875 0.0293298663035838 0.0289771377185526 0.00035272858503118
5.203125 0.0289707667811857 0.0286138162145498 0.000356950566635934
5.21875 0.0286160219582162 0.0282547953078844 0.000361226650331774
5.234375 0.0282655865515556 0.027900028977519 0.000365557574036626
5.25 0.0279194156802177 0.0275494715957023 0.000369944084515402
5.265625 0.0275774648632084 0.0272030779268367 0.000374386936371613
5.28125 0.0272396900170828 0.0268608031262858 0.000378886890796942
5.296875 0.026906047453058 0.0265226027391242 0.000383444713933805
5.3125 0.0265764939086019 0.0261884326988331 0.000388061209768802
5.328125 0.0262509865956806 0.0258582493259417 0.000392737269738958
5.34375 0.0259294829590396 0.0255320093266181 0.000397473632421458
5.359375 0.0256119409124185 0.0252096697912106 0.000402271121207848
5.375 0.0252983187626703 0.0248911881927412 0.000407130569929113
5.390625 0.0249885752075322 0.0245765223853539 0.000412052822178287
5.40625 0.0246826693330812 0.0242656306027193 0.000417038730361936
5.421875 0.0243805606107757 0.0239584714563962 0.000422089154379447
5.4375 0.0240822088942936 0.0236550039341539 0.000427204960139659
5.453125 0.023787574521837 0.0233551873982549 0.000432387123582186
5.46875 0.023496618120503 0.0230589815837004 0.00043763653680259
5.484375 0.0232093006840455 0.022766346596441 0.000442954087604523
5.5 0.0229255836185251 0.0224772429115524 0.000448340706972732
5.515625 0.0226454287090975 0.0221916313713787 0.000453797337718744
5.53125 0.0223687981173673 0.0219094731836453 0.000459324933722
5.546875 0.0220956543786042 0.0216307299195405 0.000464924459063768
5.5625 0.0218259603986137 0.0213553635117705 0.000470596886843141
5.578125 0.0215596794503995 0.0210833362525864 0.000476343197813145
5.59375 0.021296775321445 0.020814610791785 0.000482164529660049
5.609375 0.0210372119835651 0.0205491501346867 0.000488061848878441
5.625 0.020780953853985 0.0202869176400885 0.000494036213896522
5.640625 0.0205279656507862 0.0200278770181962 0.000500088632590052
5.65625 0.0202782125023754 0.0197719923285352 0.000506220173840246
5.671875 0.0200316598916239 0.0195192279778415 0.000512431913782387
5.6875 0.0197882736590561 0.0192695487179349 0.000518724941121151
5.703125 0.0195480199982046 0.0190229196435737 0.000525100354630954
5.71875 0.019310865516567 0.0187793061902934 0.000531559326273637
5.734375 0.0190767771761639 0.0185386741322304 0.00053810304393356
5.75 0.0188457221936376 0.0183009895799306 0.000544732613707015
5.765625 0.0186176681897531 0.018066218978145 0.000551449211608161
5.78125 0.0183925831326202 0.0178343291036124 0.000558254029007808
5.796875 0.0181704353347561 0.0176052870628312 0.000565148271924821
5.8125 0.017951193450013 0.0173790602898197 0.000572133160193368
5.828125 0.0177348264701265 0.0171556165438668 0.000579209926259726
5.84375 0.0175213037210549 0.0169349239072745 0.000586379813780333
5.859375 0.0173105949921793 0.0167169507830911 0.000593644209088248
5.875 0.0171026702436596 0.0165016658928374 0.000601004350822169
5.890625 0.0168974998136298 0.016289038274227 0.000608461539402874
5.90625 0.0166950543848085 0.0160790372788796 0.000616017105928967
5.921875 0.0164953049688915 0.0158716325700302 0.000623672398861266
5.9375 0.0162982229036918 0.0156667941202333 0.000631428783458496
5.953125 0.0161037798500225 0.0154644922090634 0.000639287640959019
5.96875 0.0159119477883599 0.015264697420813 0.000647250367546847
5.984375 0.015722699025165 0.0150673806421874 0.000655318382977596
6 0.0155360063066336 0.0148725130599982 0.000663493246635409
6.015625 0.0153518425029218 0.0146800661588556 0.000671776344066207
6.03125 0.0151701808811991 0.0144900117188604 0.00068016916233872
6.046875 0.0149909950219857 0.014302321813295 0.00068867320869067
6.0625 0.0148142588165738 0.0141169688063161 0.000697290010257706
6.078125 0.0146399464642439 0.013933925350648 0.000706021113595957
6.09375 0.0144680324692783 0.0137531643852771 0.000714868084001235
6.109375 0.0142984916378007 0.0135746591331495 0.000723832504651266
6.125 0.0141312990824487 0.0133983830988702 0.00073291598357849
6.140625 0.0139664303378052 0.013224310066406 0.000742120271399147
6.15625 0.0138038610454363 0.0130524140967919 0.000751446948644444
6.171875 0.0136435672254914 0.0128826695258408 0.000760897699650672
6.1875 0.0134855251936211 0.0127150509618585 0.00077047423176255
6.203125 0.0133297115585801 0.0125495332833634 0.000780178275216753
6.21875 0.0131761032196196 0.0123860916368103 0.000790011582809252
6.234375 0.0130246773637074 0.0122247014343217 0.000799975929385721
6.25 0.0128754114625757 0.0120653383514232 0.000810073111152549
6.265625 0.0127282832696376 0.0119079783247864 0.000820304944851162
6.28125 0.0125832709309427 0.0117525975499784 0.000830673380964314
6.296875 0.012440352737112 0.0115991724792175 0.000841180257894543
6.3125 0.0122995072864079 0.0114476798191373 0.000851827467270612
6.328125 0.0121607134722786 0.0112980965285578 0.000862616943720848
6.34375 0.0120239504644683 0.0111503998162646 0.000873550648203689
6.359375 0.0118891977066616 0.0110045671387965 0.000884630567865074
6.375 0.0117564349139667 0.0108605761982414 0.000895858715725249
6.390625 0.011625642070255 0.010718404940041 0.000907237130214046
6.40625 0.011496799455251 0.0105780315508047 0.000918767904446362
6.421875 0.0113698876762768 0.0104394344561329 0.000930453220143955
6.4375 0.0112448875031512 0.0103025923184494 0.000942295184701769
6.453125 0.0111217799409168 0.010167484034844 0.000954295906072867
6.46875 0.0110005463118536 0.0100340887349247 0.000966457576928982
6.484375 0.0108811681987921 0.00990238577868047 0.000978782420111606
6.5 0.0107636274427283 0.00977235475435422 0.000991272688374067
6.515625 0.0106479061405048 0.00964397547632617 0.00100393066417859
6.53125 0.010533986644283 0.00951722798300828 0.0010167586612747
6.546875 0.0104218515536086 0.00939209253474948 0.00102975901885907
6.5625 0.0103114837423505 0.00926854961175204 0.00104293413059851
6.578125 0.0102028664091251 0.00914657991199912 0.00105628649712595
6.59375 0.0100959828498384 0.00902616434919386 0.00106981850064459
6.609375 0.00999081667742431 0.00890728405070992 0.00108353262671439
6.625 0.00988735175090351 0.00878992035555382 0.0010974313953497
6.640625 0.00978557217326022 0.00867405481233896 0.00111151736092126
6.65625 0.00968546228933696 0.00855966917727177 0.00112579311206519
6.671875 0.0095870066835378 0.00844674541214975 0.00114026127138806
6.6875 0.0094901901772682 0.00833526568237183 0.00115492449489637
6.703125 0.00939499782646254 0.00822521235496093 0.00116978547150162
6.71875 0.00930141504145386 0.00811656799659887 0.00118484704485499
6.734375 0.00920942730927413 0.00800931537167386 0.00120011193760027
6.75 0.00911902039679012 0.00790343744034043 0.00121558295644969
6.765625 0.00903018031555829 0.00779891735659203 0.00123126295896626
6.78125 0.00894289330856604 0.0076957384663464 0.00124715484221965
6.796875 0.0088571458484017 0.0075938843055436 0.0012632615428581
6.8125 0.00877292463520999 0.00749333859825698 0.00127958603695301
6.828125 0.00869021659466966 0.00739408525481703 0.00129613133985263
6.84375 0.00860900887571229 0.00729610836994814 0.00131290050576415
6.859375 0.00852928888443862 0.00719939222091842 0.0013298966635202
6.875 0.0084510442975314 0.0071039212657025 0.0013471230318289
6.890625 0.00837426288569014 0.00700968014115755 0.00136458274453259
6.90625 0.00829893270382208 0.00691665366121222 0.00138227904260986
6.921875 0.00822504202736463 0.00682482681506897 0.00140021521229566
6.9375 0.00815257935077689 0.00673418476541937 0.00141839458535752
6.953125 0.00808153338597586 0.00664471284667276 0.0014368205393031
6.96875 0.0080118930604416 0.00655639656319805 0.00145549649724355
6.984375 0.00794364751556198 0.00646922158757882 0.00147442592798316
7 0.00787678610462958 0.00638317375888161 0.00149361234574797
7.015625 0.00781129845112042 0.00629823908093752 0.0015130593701829
7.03125 0.00774717437678869 0.00621440372063707 0.00153277065615162
7.046875 0.00768440383959373 0.00613165400623831 0.00155274983335542
7.0625 0.00762297705563224 0.0060499764256882 0.00157300062994404
7.078125 0.00756288445131191 0.00596935762495732 0.00159352682635459
7.09375 0.00750411666193837 0.00588978440638769 0.00161433225555068
7.109375 0.00744666453046521 0.00581124372705398 0.00163542080341123
7.125 0.00739051910608858 0.00573372269713787 0.00165679640895071
7.140625 0.00733567164258111 0.00565720857831565 0.00167846306426546
7.15625 0.0072821135968245 0.00558168878215902 0.00170042481466548
7.171875 0.00722983668196746 0.00550715086854902 0.00172268581341843
7.1875 0.00717883281150104 0.0054335825441032 0.00174525026739784
7.203125 0.00712909401795748 0.00536097166061578 0.0017681223573417
7.21875 0.0070806125865659 0.00528930621351106 0.00179130637305484
7.234375 0.00703338100487829 0.00521857434030977 0.00181480666456852
7.25 0.00698739196190736 0.00514876431910848 0.00183862764279888
7.265625 0.00694263834705223 0.00507986456707206 0.00186277377998017
7.28125 0.00689911324897392 0.00501186363893903 0.00188724961003488
7.296875 0.00685680995437753 0.00494475022553985 0.00191205972883769
7.3125 0.00681572209142267 0.00487851315232808 0.00193720893909459
7.328125 0.00677584325828739 0.00481314137792442 0.00196270188036297
7.34375 0.00673716738756094 0.00474862399267345 0.00198854339488749
7.359375 0.00669968850261658 0.00468495021721321 0.00201473828540337
7.375 0.0066634008902908 0.00462210940105737 0.00204129148923342
7.390625 0.00662829903448069 0.00456009102119017 0.00206820801329052
7.40625 0.00659437761533661 0.00449888468067379 0.00209549293466282
7.421875 0.0065616315084437 0.00443848010726844 0.00212315140117526
7.4375 0.00653005578398469 0.0043788671520648 0.00215118863191989
7.453125 0.00649964570548917 0.00432003578812892 0.00217960991736025
7.46875 0.00647039672907165 0.00426197610915957 0.00220842061991208
7.484375 0.00644230453588683 0.00420467832815778 0.00223762620772905
7.5 0.00641536505403972 0.00414813277610875 0.00226723227793097
7.515625 0.00638957427039783 0.00409232990067589 0.00229724436972195
7.53125 0.00636492843553482 0.00403726026490699 0.00232766817062782
7.546875 0.00634142398927956 0.00398291454595255 0.00235850944332701
7.5625 0.00631905756389586 0.00392928353379597 0.00238977403009989
7.578125 0.00629782598793323 0.00387635812999583 0.0024214678579374
7.59375 0.00627772628258032 0.00382412934643998 0.00245359693614033
7.609375 0.00625875566119583 0.00377258830411144 0.00248616735708439
7.625 0.00624091152837106 0.00372172623186604 0.00251918529650502
7.640625 0.00622419149895793 0.00367153446522181 0.00255265703373613
7.65625 0.00620859346946513 0.00362200444515987 0.00258658902430526
7.671875 0.00619411536340572 0.00357312771693699 0.00262098764646873
7.6875 0.00618075537362297 0.00352489592890947 0.0026558594447135
7.703125 0.00616851188751845 0.00347730083136857 0.00269121105614988
7.71875 0.00615738348717245 0.00343033427538719 0.00272704921178526
7.734375 0.00614736894881239 0.00338398821167779 0.0027633807371346
7.75 0.00613846724285285 0.00333825468946158 0.00280021255339127
7.765625 0.00613067753326033 0.00329312585534876 0.00283755167791157
7.78125 0.00612399917751526 0.00324859395222982 0.00287540522528544
7.796875 0.00611843172549788 0.00320465131817779 0.00291378040732009
7.8125 0.00611397504274649 0.00316129038536144 0.00295268465738505
7.828125 0.00611062902463722 0.00311850367896925 0.00299212534566797
7.84375 0.00610839381483729 0.00307628381614413 0.00303210999869316
7.859375 0.00610726976555388 0.00303462350492885 0.00307264626062503
7.875 0.00610725742738157 0.00299351554322203 0.00311374188415954
7.890625 0.00610835754925972 0.00295295281774466 0.00315540473151506
7.90625 0.00611057107849881 0.00291292830301711 0.0031976427754817
7.921875 0.00611389916101669 0.00287343506034641 0.00324046410067028
7.9375 0.00611834314124856 0.00283446623682397 0.00328387690442459
7.953125 0.00612390456202772 0.00279601506433336 0.00332788949769435
7.96875 0.00613058522274712 0.00275807485856841 0.00337251036417872
7.984375 0.00613838711861382 0.00272063901806117 0.00341774810055265
