0 3.04159265358979 0
0.01 3.04156771498756 -0.00498584982764977
0.03 3.04136850533996 -0.0149301320832527
0.060633058517853 3.0406783205116 -0.0301294375457183
0.0914913555286834 3.03951211652922 -0.0454651487697902
0.122457580631486 3.03786479578474 -0.0609518305429249
0.153512481511706 3.03572866798256 -0.0766538881624116
0.184622303913506 3.03309621712 -0.0926292510695897
0.215754105788435 3.02995959363686 -0.108936542421553
0.246874390284117 3.0263107697915 -0.125633925205888
0.277949920278663 3.02214155310639 -0.142779048894661
0.308948246535919 3.01744359755485 -0.160428879795736
0.339838229969756 3.01220839064612 -0.178639577683672
0.370590493883182 3.00642722258045 -0.197466401088204
0.401177791712134 3.00009114121638 -0.216963643256628
0.431575279718947 2.99319089775474 -0.237184596461854
0.461760690991801 2.9857168884998 -0.258181539784998
0.491714416464681 2.97765909724104 -0.280005745753929
0.521419502461545 2.96900704235027 -0.302707499647586
0.550861578815139 2.95974973146394 -0.326336125957261
0.580028733450682 2.94987562542079 -0.350940017204323
0.608911348097433 2.93937261248874 -0.376566660069365
0.637501910496544 2.92822799245515 -0.403262656175126
0.665794814534966 2.91642847012599 -0.431073734126751
0.693786158802926 2.90396015687948 -0.460044751334731
0.721473551234727 2.89080857877514 -0.490219684486808
0.748855924796889 2.87695868984958 -0.521641607512022
0.775933368616589 2.8623948886018 -0.554352657719682
0.802706976798968 2.8471010358598 -0.588393990740774
0.829178714735802 2.83106047300612 -0.62380572357921
0.855351304766302 2.81425603797569 -0.660626868953707
0.881228130107637 2.79667007759926 -0.698895261766869
0.906813155944307 2.77828445475769 -0.738647479029706
0.932110867706532 2.75908054779194 -0.779918756902126
0.957126224963092 2.73903924041303 -0.82274290676282
0.9818646302841 2.71814089954302 -0.867152233902854
1.00633191236965 2.69636533826481 -0.913177462754989
1.03053432265672 2.67369176085295 -0.960847672669688
1.05447854509897 2.65009868612532 -1.01019024931111
1.07823184936064 2.62550002856409 -1.0613632622679
1.10202578843641 2.59961345486238 -1.11492319317379
1.1258359716065 2.57240531870729 -1.17090007604819
1.14966807182808 2.54380833466119 -1.22938689547032
1.17352563655184 2.51375461955654 -1.29046973648572
1.19741400764144 2.48217101097343 -1.35423614008528
1.22134018016938 2.44897870451776 -1.42077427184049
1.24531320489468 2.4140920985081 -1.49017339537882
1.2693446302131 2.37741736975544 -1.56252448179287
1.2934490763688 2.33885058659629 -1.63792122179543
1.3176449815755 2.29827519509757 -1.71646159116254
1.34195559269862 2.25555861791077 -1.79825023020435
1.36641031042445 2.21054757057562 -1.88340203482251
1.39104656833225 2.16306146283139 -1.97204761103016
1.41591254449075 2.1128828399308 -2.06434168915742
1.44107123022558 2.05974304623504 -2.16047644575976
1.46660683036467 2.00329976348192 -2.26070339771067
1.4926354337718 1.94309981151049 -2.3653712576052
1.5193241767206 1.87851291973996 -2.47499605379572
1.54692924506653 1.80860171318314 -2.59040396082274
1.57588261673988 1.7318282313938 -2.71306510595295
1.60703869955414 1.64522933813109 -2.84606274770491
1.64259687513186 1.54132889431208 -2.99775182311076
1.67707520284258 1.43545927763495 -3.14301678427037
1.71160733347506 1.32446358176272 -3.28472039158005
1.74038720400257 1.22828317590408 -3.39834091593383
1.76688819771603 1.13689024812454 -3.49810609289609
1.79209557508216 1.04757179476364 -3.58762766903908
1.81644101633962 0.959236229227178 -3.66817429038534
1.8401977116094 0.871222207205975 -3.74031067382829
1.86356533286481 0.783058749764704 -3.80424448215164
1.8859548479781 0.697264858920329 -3.85827946082828
1.9073598904508 0.61418922342414 -3.90275560515303
1.92804317083668 0.533084362824519 -3.9385924509157
1.94816503465611 0.453541309670023 -3.96634142441483
1.96785160939104 0.375248519131211 -3.98639370041668
1.98720435242761 0.297967140494411 -3.99902707989089
2.00630878476669 0.221505025596913 -4.00443889734969
2.02523973764148 0.145701908544854 -4.00276520116819
2.04406502216198 0.0704193617143933 -3.99409247163633
2.06284815787221 -0.00446633418079621 -3.97846447877158
2.0816505807781 -0.0790696500810727 -3.95588568179498
2.10053360193874 -0.153500358391872 -3.92632183682925
2.11956032695985 -0.227867725173612 -3.88969799485124
2.13879773437685 -0.302284824449763 -3.84589365946084
2.15831914395209 -0.376873499017494 -3.79473440609291
2.1782073961204 -0.45177067211526 -3.73597859058551
2.19855924935474 -0.527137112036981 -3.66929664173666
2.2194918764864 -0.603170582322769 -3.59423830678312
2.24115312580147 -0.680127087002502 -3.5101788660645
2.26373899814708 -0.758358037608147 -3.4162255172135
2.28752632987592 -0.838381811961519 -3.31104025018297
2.31294214818701 -0.921040304247514 -3.19246176829771
2.33985976628162 -1.00521607396206 -3.06093343074234
2.36702779815379 -1.0865132740258 -2.92306986538643
2.39499028485955 -1.16621509421886 -2.77692701020138
2.42404991385708 -1.244662141309 -2.62162264410153
2.45474052678677 -1.32256978953017 -2.45499584177181
2.48800740147074 -1.40120996663886 -2.27264233086609
2.52180278833492 -1.47487405621781 -2.08676237507576
2.55585000335338 -1.54273917809404 -1.89991404167332
2.59097041601866 -1.60609867840799 -1.70850301496636
2.62509524507961 -1.66125458155609 -1.52445432375928
2.65599910500236 -1.70581653337836 -1.3597955678064
2.68527664758346 -1.74336837523447 -1.20576469569448
2.71337207909546 -1.77519050927685 -1.05983473807186
2.74050546157298 -1.80205549795055 -0.920670681693022
2.76732516342801 -1.82492189498942 -0.784798029706781
2.79425967141996 -1.84424067563239 -0.649966770489051
2.82133844554907 -1.86002326247861 -0.515962923408957
2.84862180726507 -1.87227530451406 -0.38240290627692
2.87615300780155 -1.88096367016175 -0.248975234918609
2.90396677269661 -1.88602830475832 -0.115397573731469
2.93208985318947 -1.8873872878366 0.0185852882459248
2.96054227664922 -1.88494133784713 0.15320575260677
2.98933874202679 -1.87857733962455 0.288677032765138
3.01849085581118 -1.8681705210312 0.425199182986263
3.0480108924844 -1.85358413219533 0.562970566568363
3.07791800576225 -1.83466450833866 0.702208984737445
3.10824824606265 -1.81122790778998 0.843188712791755
3.13907079576011 -1.78303276062112 0.986304424041492
3.17051575420838 -1.74972450706843 1.13218578786479
3.2038462274931 -1.70941355276501 1.28664181077172
3.23958017150443 -1.66048288890767 1.45188828922467
3.27913006134314 -1.5994561040623 1.63399724335385
3.31779721867167 -1.53285316203554 1.81064495147834
3.35615346619193 -1.46007675404962 1.98366815653216
3.389716512017 -1.39099430882108 2.13242244703512
3.42089043375888 -1.32240320945302 2.26756730625599
3.45038606419854 -1.25367568970627 2.39199191094772
3.48010693588367 -1.18077144398759 2.51316234456149
3.50834727484226 -1.10822800034304 2.62357807561276
3.53558382201287 -1.03537819609072 2.72493143563814
3.56204396863602 -0.9620342548844 2.81781983895131
3.58790898577094 -0.88804132507333 2.90259690422522
3.61332661622771 -0.813273423629564 2.97943027088292
3.6377022404155 -0.739817042444269 3.04647333674127
3.66100813810935 -0.668133222856531 3.10397020554926
3.68350091665928 -0.597753609208655 3.15289459281937
3.70534064663522 -0.528435946520329 3.1938512533822
3.72665463168539 -0.459994204086624 3.22728698619366
3.74754560462313 -0.392287429055539 3.25353383758823
3.76809975364615 -0.325204149671877 3.27284225805381
3.78839159688414 -0.258653683117144 3.28540128547404
3.80848738083758 -0.192560290254787 3.29135175639889
3.82844754652322 -0.126859157789498 3.29079501614313
3.84832862340567 -0.0614934982888874 3.28379859203714
3.86818477112401 0.00358764216726917 3.27039966618276
3.88806911833331 0.0684311325927477 3.25060682007371
3.90803501051598 0.133081244831386 3.22440028410217
3.92813726236985 0.197581021936875 3.19173074348112
3.94843350976174 0.261973653060263 3.15251658593081
3.96898577200322 0.326303990596376 3.10663928734389
3.98986237055845 0.390620380769384 3.05393637626711
4.01114041700159 0.454977055636548 2.99419102621919
4.03290920354536 0.519437480559791 2.92711667137246
4.0552750539032 0.584079336561149 2.85233386750479
4.07836862574859 0.649002382969041 2.76933437865966
4.10235655776697 0.714341664663449 2.67742283948797
4.12746139113696 0.780291360011942 2.57561590321937
4.15399886007129 0.847151960582436 2.46245235358783
4.18245693291133 0.915435986129334 2.3355895135761
4.21369775626822 0.986153365295672 2.1907714367179
4.24967149882038 1.06187588366111 2.01818489153209
4.29233954425708 1.14351020472186 1.80736678969117
4.33068588261993 1.20911711109553 1.61394546516705
4.37000599390692 1.26863659976414 1.4131811079383
4.4046432497123 1.31450523120949 1.23522541433621
4.43737900269412 1.35218324283562 1.06671162711008
4.4704617120333 1.38465729095385 0.896546911226575
4.50267993231975 1.41087880171528 0.731298117559104
4.53507235353922 1.43188593542959 0.565880929700136
4.56779939677427 1.44768329848171 0.399690706099709
4.60107370346657 1.45818685471374 0.231839178284475
4.63508492339079 1.46317240986689 0.0615578511805412
4.67003271972742 1.46228739873334 -0.111950029823921
4.70615537461348 1.45502915539353 -0.289624717087907
4.74379157721449 1.44067516913957 -0.472808439001078
4.78353716051812 1.41807689375983 -0.663916342913405
4.82676210739613 1.38494128780713 -0.868684736030281
4.87865572059926 1.33358659223939 -1.10955937004388
4.93707368132454 1.26103596874019 -1.37269522987546
4.97774238640244 1.20159356683842 -1.54958513901218
5.01382241596846 1.14293307549381 -1.70119048585414
5.0475554940312 1.08323061744685 -1.83757474716822
5.07960802201021 1.02232863112858 -1.96159066071137
5.11038069653799 0.960207635224865 -2.07480490001758
5.13806225573742 0.901427837693934 -2.17113040632713
5.16447264712253 0.842933066657491 -2.25762502124321
5.19110121722681 0.781719052367778 -2.33896989059881
5.21647932243707 0.721439482294538 -2.41054093063998
5.24097435576539 0.661607506086798 -2.47368725961738
5.26472263634051 0.60219331416329 -2.52897196359181
5.28784898941234 0.543142003241385 -2.57686708397383
5.31045501776033 0.484416002913978 -2.61773631353987
5.33262704875606 0.425985999960636 -2.65186703384875
5.35443989251017 0.367829089904696 -2.67948766756016
5.37595972236683 0.309927123633088 -2.70078015464984
5.3972461918748 0.252265643776594 -2.71588874387102
5.41835406557848 0.194833145543296 -2.7249262825103
5.43933451905632 0.137620559735118 -2.72797870154514
5.46023621621192 0.0806208872399451 -2.72510814642485
5.48110624033908 0.0238289404338558 -2.71635504052258
5.50199093698826 -0.0327588382437525 -2.70173925798588
5.52293671644873 -0.0891445017774851 -2.6812605012918
5.54399085866854 -0.145328682810889 -2.6548979124513
5.56520236397409 -0.201310649034032 -2.62260888460987
5.58662289847119 -0.25708834197794 -2.58432697272252
5.60830789419159 -0.312658412526284 -2.53995871805995
5.63031788417492 -0.36801627176653 -2.48937908533538
5.65272018662129 -0.423156187602416 -2.43242503725778
5.675591106986 -0.478071475282898 -2.36888650058461
5.69901892236358 -0.53275487029181 -2.29849352397695
5.72310807849994 -0.587199244125245 -2.22089764211256
5.74798533736019 -0.641398971906916 -2.13564401473365
5.77380921549145 -0.695352575738791 -2.04212808344465
5.80078532220107 -0.749067982221801 -1.93952454025589
5.82919314262158 -0.80257350973009 -1.82666264207692
5.85943748177387 -0.855942663273821 -1.70178596206215
5.89122981059124 -0.907899956219905 -1.56606182783149
5.92155982353392 -0.953389299030426 -1.43304539883339
5.95086303718805 -0.993465858226889 -1.30186578260175
5.9792442896224 -1.0285872971807 -1.17282045325993
6.00679048831173 -1.05915177245031 -1.04611513527393
6.03355068252135 -1.08548722116206 -0.921997998377596
6.06007649452271 -1.10830417344814 -0.798267100596071
6.08666537410918 -1.12787527163857 -0.673807756269243
6.11333306633219 -1.14417730901813 -0.548784412740142
6.14012347854077 -1.15719709543208 -0.423210834667123
6.16707164977572 -1.16690227523981 -0.297129002889226
6.19420954151745 -1.17324751477595 -0.170587646494344
6.22156667876704 -1.17617627907853 -0.043644670062132
6.24917186939148 -1.17562221616498 0.0836353004643016
6.27705543491148 -1.17150931211596 0.211185151034699
6.30525232109076 -1.16375024561435 0.338942416903531
6.33380646254879 -1.15224200419186 0.466860178405091
6.36277703961274 -1.13685730210438 0.594923239224504
6.39224781257806 -1.11742931375274 0.723172551047641
6.42234196926004 -1.09372497880745 0.851744315455381
6.45324798240164 -1.06539662525309 0.980938913045075
6.48527037314966 -1.031886507294 1.11135914951121
6.51984753810353 -0.991087075623555 1.24772693172786
6.55268790575826 -0.948050426068939 1.37239670766762
6.5839742654275 -0.903319196015486 1.4862255125418
6.613876977696 -0.857312539977929 1.59000430362784
6.64256468416451 -0.810331257841411 1.68448797602667
6.6701906924637 -0.762597600433112 1.77034133937013
6.69689069642363 -0.714279186328755 1.84813346859691
6.72278355721704 -0.66550524565954 1.91834502373508
6.74797327965025 -0.616377508368424 1.98137987710479
6.77255121599904 -0.56697764937498 2.03757691953926
6.79659813238149 -0.517372483501266 2.08722059845545
6.82018602000882 -0.467617670614772 2.13054981618172
6.84337963831 -0.417760416565068 2.16776524336403
6.86623781637134 -0.36784148493953 2.19903524365112
6.88881455046725 -0.317896728414088 2.22450063011138
6.91115993585429 -0.267958280457976 2.24427845465404
6.93332096708703 -0.218055504832677 2.25846499860874
6.95534223681963 -0.168215770958173 2.26713809879003
6.97726655813424 -0.118465105752323 2.27035891185305
6.99913553279054 -0.0688287581692349 2.2681731933879
7.0209900848585 -0.0193317053477159 2.26061214427466
7.04287097790545 0.0300008765026257 2.24769285608871
7.06481933372295 0.0791431571554976 2.22941836756756
7.0868771714308 0.128068195965674 2.20577732395538
7.10908798782867 0.176747466803035 2.17674320906712
7.13149740413721 0.2251503471959 2.14227309319259
7.15415391054242 0.273243552501306 2.10230580580768
7.17710974997906 0.320990493064947 2.05675939517511
7.20042199798843 0.368350527928229 2.00552766944691
7.22415391964477 0.415278082756709 1.94847551218351
7.24837672178869 0.461721589400364 1.88543250938479
7.27317188195277 0.507622194959298 1.81618416798503
7.29863433938514 0.552912170850109 1.74045957838324
7.32487701907792 0.597512933840963 1.65791361613575
7.35203750404636 0.641332571182396 1.56810036975705
7.3792008438564 0.682661561390915 1.47426569700515
7.4057390735733 0.720530798264063 1.37913831663287
7.43172703604187 0.755129264997722 1.28306464088706
7.45716809378811 0.786549048998553 1.18656598798325
7.48207039463766 0.814899788735576 1.0900820378649
7.5064366038455 0.840293620608045 0.994014820737072
7.53029927033626 0.862877357209574 0.898593375809781
7.55420171434619 0.883202508343678 0.801918382702632
7.57810070418538 0.901203579322148 0.704383184729152
7.60202258506652 0.916879185969328 0.606089191928537
7.62598387233484 0.930217439406864 0.507165934164178
7.65000111204877 0.941204491074433 0.407733563220307
7.67408980503323 0.949823957517581 0.307909549871561
7.69826478072148 0.956057364444485 0.207809403859329
7.72254047924966 0.959884431572108 0.107547758164663
7.74693134410587 0.961283261581172 0.00723903918086664
7.77145231247359 0.960230357403326 -0.0930021555844468
7.79611942101805 0.956700399704463 -0.19306095801533
7.82095054741555 0.950665705841498 -0.292822377963491
7.84596631741663 0.942095277471399 -0.392171670856111
7.87119122180483 0.93095332098063 -0.490994898711228
7.89665501357232 0.917197085170044 -0.589179678542699
7.92239449806174 0.900773791004084 -0.686616147724881
7.94845590261197 0.881616303566465 -0.783198249223641
7.97489814018427 0.85963697078096 -0.878825569216758
8.00179751641031 0.834718631647303 -0.97340620915085
8.02925488299477 0.8067009730625 -1.06686166969444
8.0578663991912 0.774826066229295 -1.16060939451414
8.08703832812171 0.739624854710033 -1.25201958624378
8.11525333740422 0.703102848626274 -1.33607212857042
8.14273875827983 0.665305860678077 -1.41349831062698
8.16954764197331 0.626449758244358 -1.48447747315161
8.19574720815316 0.586698632875544 -1.54922610849497
8.22139942715975 0.54619431766469 -1.60793854817499
8.2465627730447 0.50505814333506 -1.66079126267
8.27129209765769 0.463394893219942 -1.7079423831279
8.29563887660848 0.421295794520809 -1.74953248444448
8.31965151334524 0.3788410115206 -1.78568564693794
8.34337568561663 0.336101698025333 -1.81651064874306
8.36685470600784 0.293141698637619 -1.84210215291956
8.39012988267253 0.250018969600644 -1.86254181386224
8.41324087352746 0.206786777613746 -1.87789926024767
8.43622603156397 0.16349472499281 -1.8882329313016
8.45912274235726 0.120189640277895 -1.89359075475591
8.48196775694909 0.0769163665700871 -1.89401066012544
8.50479752454316 0.0337184752330292 -1.88952092246743
8.52764853119726 -0.0093610720062867 -1.88014033080727
8.55055765175419 -0.052279291590209 -1.86587817200756
8.57356252406886 -0.0949925583070961 -1.84673401554027
8.59670195654306 -0.137455978477254 -1.82269727705968
8.62001638301656 -0.179622737483696 -1.7937465280811
8.64354838303306 -0.221443401457236 -1.75984850452206
8.66734329145256 -0.262865150573317 -1.72095674618656
8.69144993007217 -0.303830917572225 -1.67700976932434
8.71592150689516 -0.344278399311545 -1.62792862999406
8.74081674881743 -0.384138901092969 -1.57361366768511
8.76620136524064 -0.423335961791003 -1.51394011076405
8.79214999178347 -0.461783690670476 -1.44875204910158
8.81789301170968 -0.498204497906513 -1.38019606344401
8.84315036105137 -0.532178303017623 -1.30946758648905
8.86795724246381 -0.563768503360281 -1.23694007950607
8.89231547742658 -0.593003262513551 -1.163038507037
8.91622877789119 -0.619924276809552 -1.08814687802884
8.93969828193772 -0.644579984505232 -1.01262267740902
8.96272242217803 -0.667024961522817 -0.936799554231479
8.98566783117377 -0.687638726067665 -0.859732926055664
9.00858013163149 -0.706442969929162 -0.781476886317804
9.031469588276 -0.723425082637619 -0.702191259567017
9.05435018015772 -0.738575970075537 -0.622014131357463
9.07723489102868 -0.751885745463519 -0.5410789213081
9.10013631907371 -0.763344171459653 -0.459513552362693
9.12306667012726 -0.772940623501232 -0.377441723450555
9.14603785918103 -0.780664134858686 -0.294983801492325
9.16906163135246 -0.786503440565247 -0.212257647039117
9.19214971494335 -0.790447009185459 -0.129379340458801
9.21531400705571 -0.792483043348947 -0.0464638237310299
9.23856679486313 -0.792599430674056 0.0363745307116819
9.26192101641723 -0.790783625981897 0.119021408877761
9.28539056654674 -0.787022444598801 0.201362084571365
9.30899065540944 -0.781301744593861 0.283280968709825
9.33273823038016 -0.773605972601733 0.364661155378792
9.3566524772992 -0.763917542271422 0.445383941145951
9.38075542363938 -0.75221600546728 0.525328290006819
9.40507267765016 -0.738476961458381 0.604370216957049
9.42963435395166 -0.72267062543846 0.682382060966071
9.45447626296825 -0.704759938159301 0.759231619638308
9.47964148335424 -0.68469803382492 0.834781116225449
9.50518250897119 -0.662424771965208 0.908885977611393
9.53116428426198 -0.637861845832363 0.981393408330944
9.55766866949278 -0.610905622400768 1.05214077945913
9.58514828114528 -0.581027096302391 1.1218091565242
9.6124827194291 -0.54946091645383 1.18713636289678
9.63925649597788 -0.51686558874127 1.24704013687166
9.66556751686062 -0.483325701491906 1.30174797452805
9.69145661045428 -0.448973305547928 1.35134864854094
9.71696823279092 -0.413920214723727 1.39593657089125
9.74214418441073 -0.378267726016294 1.43559717704136
9.76702452630062 -0.342107341977077 1.47040844499691
9.79164770622886 -0.305522321809748 1.50044088416825
9.81605077544741 -0.268588950946665 1.52575775541319
9.84026959808711 -0.231377679558406 1.54641530632531
9.86433906442559 -0.193954134530143 1.56246301382978
9.88829330720099 -0.156380025968871 1.573943810176
9.91216592200394 -0.118713966487934 1.58089427464633
9.93599019345563 -0.0810122203864761 1.583344776333
9.95979932988463 -0.0433293983818572 1.5813195552309
9.9836267098972 -0.00571911295954491 1.57483672944061
10 0.0200115229696779 1.56781827316839
