-1.05 0
-0.75 0
-0.45 0
-0.15 0
0.15 1
0.45 1
0.75 1
1.05 1


-1.051 0.000246321563811511
-1.035375 -0.00353214742694934
-1.01975 -0.00714134652798055
-1.004125 -0.0105492645503043
-0.9885 -0.0137203330746451
-0.972875 -0.0166152853750449
-0.95725 -0.0191911061598188
-0.941625 -0.021401114754949
-0.926 -0.0231952359232585
-0.910375 -0.0245205252614759
-0.89475 -0.0253220290684199
-0.879125 -0.0255440699501319
-0.8635 -0.0251320563402085
-0.847875 -0.0240349123068899
-0.83225 -0.0222082077217809
-0.816625 -0.01961803100565
-0.801 -0.0162455797143452
-0.785375 -0.0120923420076556
-0.76975 -0.00718560276639082
-0.754125 -0.0015838385436006
-0.7385 0.00461861453293527
-0.722875 0.0112883904096813
-0.70725 0.0182522690908415
-0.691625 0.02529949228879
-0.676 0.0321877761955402
-0.660375 0.0386531499196731
-0.64475 0.0444231691304624
-0.629125 0.0492324310029632
-0.6135 0.0528387991479855
-0.597875 0.055038487278509
-0.58225 0.0556782444042559
-0.566625 0.0546633311128601
-0.551 0.0519606703502155
-0.535375 0.0475973226477205
-0.51975 0.0416550936567945
-0.504125 0.0342625020234978
-0.4885 0.0255854725797882
-0.472875 0.0158180076365928
-0.45725 0.00517381181050558
-0.441625 -0.00612049999729277
-0.426 -0.017830315754826
-0.410375 -0.029716036904317
-0.39475 -0.0415343537497448
-0.379125 -0.0530380668754532
-0.3635 -0.0639747895675305
-0.347875 -0.0740848809626653
-0.33225 -0.0830989552767594
-0.316625 -0.0907353045760572
-0.301 -0.096697571644949
-0.285375 -0.100673021107188
-0.26975 -0.102331782036806
-0.254125 -0.101327470462551
-0.2385 -0.0972996375276701
-0.222875 -0.0898785157683699
-0.20725 -0.078692533806447
-0.191625 -0.0633790152963755
-0.176 -0.0435983441307368
-0.160375 -0.0190516377575383
-0.14475 0.0104983958017924
-0.129125 0.0452042363835577
-0.1135 0.0851093803590248
-0.0978749999999999 0.130125262045425
-0.0822499999999999 0.18001185529319
-0.0666249999999999 0.234364853367634
-0.0509999999999999 0.292612241750969
-0.0353749999999999 0.354022479867294
-0.0197499999999999 0.417725367691484
-0.00412499999999993 0.482745103663764
0.0115000000000001 0.548043298032256
0.0271250000000001 0.612568145709512
0.0427500000000001 0.675304943728771
0.0583750000000001 0.735322910866448
0.0740000000000001 0.791813888396157
0.0896250000000001 0.844119815659964
0.10525 0.891747567302546
0.120875 0.934371439743868
0.1365 0.971824964855105
0.152125 1.00408461809506
0.16775 1.03124833350261
0.183375 1.05351161664996
0.199 1.07114360508344
0.214625 1.08446482471279
0.23025 1.09382776652837
0.245875 1.09960085416984
0.2615 1.10215593746654
0.277125 1.10185914196756
0.29275 1.09906471761681
0.308375 1.09411143684896
0.324 1.08732106581641
0.339625 1.07899844653117
0.35525 1.06943276137211
0.370875 1.05889958901828
0.3865 1.04766339197551
0.402125 1.03598009473875
0.41775 1.0240994169391
0.433375 1.01226662063736
0.449 1.00072332307192
0.464625 0.989707028581248
0.48025 0.979449063914564
0.495875 0.970170680729322
0.5115 0.962077237836075
0.527125 0.955350605694989
0.54275 0.950140241056713
0.558375 0.946553727395505
0.574 0.944647901807903
0.589625 0.94442190054782
0.60525 0.945813458256376
0.620875 0.948699525178583
0.6365 0.952901723187976
0.652125 0.958196431837373
0.66775 0.964328539692096
0.683375 0.971027300176393
0.699 0.978022443732534
0.714625 0.985058777604128
0.73025 0.991907902686032
0.745875 0.998376264427344
0.7615 1.00430937400865
0.777125 1.0095925535951
0.79275 1.01414889882356
0.808375 1.01793529816624
0.824 1.02093733416986
0.839625 1.02316377020227
0.85525 1.02464115417925
0.870875 1.02540889217171
0.8865 1.02551498794565
0.902125 1.02501252248891
0.91775 1.02395686258185
0.933375 1.02240353515677
0.949 1.02040667744919
0.964625 1.01801796429885
0.98025 1.01528591689386
0.995875 1.01225550670953
1.0115 1.00896798079615
1.027125 1.00546084759131
1.04275 1.00176797470763


-1 0.0384615384615385
-0.75 0.0663900414937759
-0.5 0.137931034482759
-0.25 0.390243902439024
0 1
0.25 0.390243902439024
0.5 0.137931034482759
0.75 0.0663900414937759
1 0.0384615384615385


-1.01 0.0420232949609369
-0.994375 0.0365259600671591
-0.97875 0.0314441044883316
-0.963125 0.026867573207887
-0.9475 0.0228954613554088
-0.931875 0.0196353882094326
-0.91625 0.0172020080817332
-0.900625 0.0157145232873508
-0.885 0.015292950916007
-0.869375 0.0160529121528046
-0.85375 0.0180987789879036
-0.838125 0.0215151488515918
-0.8225 0.0263568405546761
-0.806875 0.0326379207964494
-0.79125 0.0403206618482093
-0.775625 0.0493057446554144
-0.76 0.0594253624081787
-0.744375 0.0704410186065739
-0.72875 0.0820476178792996
-0.713125 0.093884832132302
-0.6975 0.105555710430136
-0.681875 0.116651253385912
-0.66625 0.126778483889131
-0.650625 0.135588752195196
-0.635 0.142802870740829
-0.619375 0.148230248469528
-0.60375 0.151780326606404
-0.588125 0.153465984525681
-0.5725 0.153399825180513
-0.556875 0.151785093803902
-0.54125 0.148903320816599
-0.525625 0.145100656034787
-0.51 0.140774421607359
-0.494375 0.136360828617101
-0.47875 0.132324223030817
-0.463125 0.129147744709098
-0.4475 0.127324940930554
-0.431875 0.127351678842495
-0.41625 0.129717635745769
-0.400625 0.134896693347987
-0.385 0.143335705832085
-0.369375 0.155441339686273
-0.35375 0.171564984770397
-0.338125 0.191986095617718
-0.3225 0.216894713443305
-0.306875 0.246374301710196
-0.29125 0.280386345037877
-0.275625 0.318758346693381
-0.26 0.361176850400981
-0.244375 0.407186864031395
-0.22875 0.456198569893341
-0.213125 0.507501512938373
-0.1975 0.560285658862215
-0.181875 0.613667939306286
-0.16625 0.666722289333892
-0.150625 0.718510845270146
-0.135 0.76811396646786
-0.119375 0.81465706193143
-0.10375 0.85733276855404
-0.088125 0.895417727659232
-0.0725 0.928283915244906
-0.056875 0.955405090347776
-0.04125 0.976359361956183
-0.025625 0.990829105462827
-0.01 0.998599488251874
0.00562499999999999 0.99955671897475
0.02125 0.993686857389226
0.036875 0.981075655588162
0.0525 0.961909489619299
0.068125 0.936477023129999
0.08375 0.905170861631219
0.099375 0.868488149110125
0.115 0.827028872128553
0.130625 0.781490612914685
0.14625 0.732658665318493
0.161875 0.681390807547319
0.1775 0.628596591809771
0.193125 0.575211701446039
0.20875 0.522168640878721
0.224375 0.470365639664621
0.24 0.420636048537775
0.255625 0.373720594976127
0.27125 0.330244618888752
0.286875 0.290701864580578
0.3025 0.255445662505937
0.318125 0.224687527779508
0.33375 0.198502467859755
0.349375 0.176839736087406
0.365 0.159537449680771
0.380625 0.14633941755254
0.39625 0.136912660074012
0.411875 0.130864389857756
0.4275 0.127757592941962
0.443125 0.127124743520104
0.45875 0.128479557043954
0.474375 0.131327006200196
0.49 0.135172074100792
0.505625 0.139527887453203
0.52125 0.143923948162014
0.536875 0.14791514974587
0.5525 0.151092106550346
0.568125 0.153093022726665
0.58375 0.153616882737082
0.599375 0.152437186052148
0.615 0.149414854419859
0.630625 0.144508443376732
0.64625 0.137779560293584
0.661875 0.129391589144942
0.6775 0.119600528215981
0.693125 0.108737897800391
0.70875 0.0971870409081604
0.724375 0.0853553746236757
0.74 0.0736459053455059
0.755625 0.0624313824803965
0.77125 0.0520338344595901
0.786875 0.0427111197468953
0.8025 0.034650860906285
0.818125 0.0279710272816163
0.83375 0.0227256965858934
0.849375 0.0189142173896394
0.865 0.0164920521918405
0.880625 0.0153818789820685
0.89625 0.0154839338032394
0.911875 0.0166849815438612
0.9275 0.0188656422984022
0.943125 0.0219060497065984
0.95875 0.0256899763214837
0.974375 0.030107644573579
0.99 0.0350574706530704
1.005625 0.0404469820419441


-1 -0.5
-0.75 -0.1875
-0.5 0
-0.25 0.0625
0 0
0.25 0.3125
0.5 0.5
0.75 0.5625
1 0.5


-1.01 -0.505691168738406
-0.994375 -0.496609112512834
-0.97875 -0.48643406206472
-0.963125 -0.475078253459746
-0.9475 -0.462455095872167
-0.931875 -0.448482424404607
-0.91625 -0.433086765919805
-0.900625 -0.416208743069215
-0.885 -0.397809679238336
-0.869375 -0.377879355144847
-0.85375 -0.35644469368422
-0.838125 -0.333578906885256
-0.8225 -0.309410334929656
-0.806875 -0.284129872777318
-0.79125 -0.257995577329477
-0.775625 -0.231332873214485
-0.76 -0.204528846324664
-0.744375 -0.17801954058446
-0.72875 -0.152270006460336
-0.713125 -0.127748028625934
-0.6975 -0.104893780353808
-0.681875 -0.0840887871517933
-0.66625 -0.0656281735798754
-0.650625 -0.0496999606617722
-0.635 -0.0363741481179613
-0.619375 -0.025602692161938
-0.60375 -0.0172297020789608
-0.588125 -0.0110096845971844
-0.5725 -0.00663078879876761
-0.556875 -0.00373984601097672
-0.54125 -0.00196644419912566
-0.525625 -0.000944081863268496
-0.51 -0.000327348077815174
-0.494375 0.000195132043385812
-0.47875 0.000891676046043625
-0.463125 0.00198181364157586
-0.4475 0.00363310769583297
-0.431875 0.00595984029878529
-0.41625 0.00902302765092673
-0.400625 0.0128314222367799
-0.385 0.0173433603618468
-0.369375 0.0224694893468304
-0.35375 0.0280765413687496
-0.338125 0.0339923952100804
-0.3225 0.0400126721916811
-0.306875 0.0459090425045174
-0.29125 0.0514392748382174
-0.275625 0.0563588582638089
-0.26 0.0604337862881792
-0.244375 0.0634538564926249
-0.22875 0.0652456500856785
-0.213125 0.0656842573505341
-0.1975 0.0647028381112357
-0.181875 0.062299259421023
-0.16625 0.0585393169454075
-0.150625 0.0535563785501921
-0.135 0.0475476301226807
-0.119375 0.0407673957256717
-0.10375 0.03351820129864
-0.088125 0.0261403306933189
-0.0725 0.0190005877469841
-0.056875 0.012480852572564
-0.04125 0.00696684142576358
-0.025625 0.00283728804195908
-0.01 0.000453596600970827
0.00562499999999999 0.000149899837162085
0.02125 0.00222340681537114
0.036875 0.00692494948228601
0.0525 0.0144497315817056
0.068125 0.0249284353546839
0.08375 0.0384190295747814
0.099375 0.0548998175477177
0.115 0.0742644291913084
0.130625 0.0963195565820631
0.14625 0.120786218670681
0.161875 0.147305190085867
0.1775 0.175446933434296
0.193125 0.204725955294837
0.20875 0.234619015551536
0.224375 0.264586135684918
0.24 0.294092962724843
0.255625 0.322632830211753
0.27125 0.349746863264029
0.286875 0.375040704706788
0.3025 0.398196850187981
0.318125 0.418982094759884
0.33375 0.437250119768758
0.349375 0.452939703214328
0.365 0.466069360165139
0.380625 0.476729386398974
0.39625 0.485072293470375
0.411875 0.491302514950383
0.4275 0.49566607132027
0.443125 0.498440646149341
0.45875 0.499926284769148
0.474375 0.500436706763716
0.49 0.500291046002851
0.505625 0.499805712705121
0.52125 0.499286025373672
0.536875 0.499017300400328
0.5525 0.499255226097348
0.568125 0.500215591384648
0.58375 0.502063776534854
0.599375 0.504904805821986
0.615 0.508775135229842
0.630625 0.513637594538582
0.64625 0.519380901058664
0.661875 0.525824818522686
0.6775 0.532731333969188
0.693125 0.539821268730302
0.70875 0.546794741220811
0.724375 0.553353129800201
0.74 0.559219873865091
0.755625 0.564157697529983
0.77125 0.567980565637091
0.786875 0.570559668855746
0.8025 0.571823714630238
0.818125 0.571754551697195
0.83375 0.570379564083703
0.849375 0.567762338202226
0.865 0.56399291787149
0.880625 0.559178632726351
0.89625 0.553436121655488
0.911875 0.546884848397844
0.9275 0.539642158462087
0.943125 0.531819763011159
0.95875 0.523521446075446
0.974375 0.514841758320337
0.99 0.505865464639772
1.005625 0.496667538037513


-1 -2.28083289026587
-0.75 0.733826973615289
-0.5 0.467679878866506
-0.25 -1.02868876477938
0 1
0.25 -0.623931275140609
0.5 0.172049812484538
0.75 0.163738930144017
1 -0.308677165219513


-1.01 -2.32902767721265
-0.994375 -2.25166278204748
-0.97875 -2.16238147661994
-0.963125 -2.0601482769714
-0.9475 -1.94394963782735
-0.931875 -1.81283798670783
-0.91625 -1.66598951662642
-0.900625 -1.50277747817488
-0.885 -1.322861879646
-0.869375 -1.12629499906247
-0.85375 -0.91363975897533
-0.838125 -0.686094720134487
-0.8225 -0.445615305918832
-0.806875 -0.19501628261789
-0.79125 0.0619636711532766
-0.775625 0.320656969787013
-0.76 0.575542556254348
-0.744375 0.820417002246226
-0.72875 1.04866533897183
-0.713125 1.2536197490873
-0.6975 1.42897628468182
-0.681875 1.56922419642208
-0.66625 1.67003415185389
-0.650625 1.72855410294982
-0.635 1.74357530937787
-0.619375 1.71555290197123
-0.60375 1.64648963012268
-0.588125 1.53971185020521
-0.5725 1.39957890762716
-0.556875 1.23116939868329
-0.54125 1.03998184576977
-0.525625 0.831676326171452
-0.51 0.611871125643474
-0.494375 0.385997332023335
-0.47875 0.15920598876528
-0.463125 -0.0636826141088122
-0.4475 -0.278200107077018
-0.431875 -0.480234298462473
-0.41625 -0.666027813614981
-0.400625 -0.832180293608378
-0.385 -0.975660839415131
-0.369375 -1.09383473059179
-0.35375 -1.18450572157807
-0.338125 -1.24597248040818
-0.3225 -1.27709506940521
-0.306875 -1.27736493643062
-0.29125 -1.24696994034116
-0.275625 -1.18684479355078
-0.26 -1.09869728726922
-0.244375 -0.985001996041468
-0.22875 -0.848955866721026
-0.213125 -0.694393943826275
-0.1975 -0.525667953223568
-0.181875 -0.347494844595648
-0.16625 -0.164785917142946
-0.150625 0.0175308042671523
-0.135 0.194682045322954
-0.119375 0.362203254276937
-0.10375 0.516066634755115
-0.088125 0.652778487906426
-0.0725 0.769444873235771
-0.056875 0.863807840498398
-0.04125 0.934256808650522
-0.025625 0.979820899391931
-0.01 1.00014820458979
0.00562499999999999 0.995477256625993
0.02125 0.966604633931678
0.036875 0.914850947832681
0.0525 0.842025685286753
0.068125 0.750389761065243
0.08375 0.642613367799775
0.099375 0.521725977462125
0.115 0.391055279136227
0.130625 0.254152513389474
0.14625 0.114703073977225
0.161875 -0.023576733557057
0.1775 -0.157053519666506
0.193125 -0.282295632209421
0.20875 -0.3961895182942
0.224375 -0.496045207224324
0.24 -0.579682709354663
0.255625 -0.645492584279063
0.27125 -0.692466439774559
0.286875 -0.720196259993098
0.3025 -0.728844681151342
0.318125 -0.719091096471238
0.33375 -0.692060371894673
0.349375 -0.649241791033377
0.365 -0.592405643483604
0.380625 -0.523523821889295
0.39625 -0.444699193532194
0.411875 -0.358106669625497
0.4275 -0.265947068972327
0.443125 -0.170413239854199
0.45875 -0.0736665584590569
0.474375 0.0221791071215812
0.49 0.115069595088979
0.505625 0.20302284486322
0.52125 0.284145592539821
0.536875 0.35665812905908
0.5525 0.41893001596917
0.568125 0.469528137241132
0.58375 0.507276233961912
0.599375 0.531322206898114
0.615 0.541206312345768
0.630625 0.536920548539937
0.64625 0.518947897178939
0.661875 0.488270527709517
0.6775 0.446339135532423
0.693125 0.395001116427005
0.70875 0.336392256123445
0.724375 0.272803330963307
0.74 0.206537633534232
0.755625 0.13977667584235
0.77125 0.0744689587263366
0.786875 0.0122516090654555
0.8025 -0.0455915542395305
0.818125 -0.0981377287739682
0.83375 -0.144804947278074
0.849375 -0.185312396088079
0.865 -0.219629784714082
0.880625 -0.247923149065074
0.89625 -0.27050262740674
0.911875 -0.287775781779528
0.9275 -0.300208308364256
0.943125 -0.308292657850903
0.95875 -0.312524198505047
0.974375 -0.313384044043941
0.99 -0.311327444893943
1.005625 -0.306776611994766
