-1.05 0
-0.75 0
-0.45 0
-0.15 0
0.15 1
0.45 1
0.75 1
1.05 1


-1.051 0.00334444444444407
-1.035375 -0.0463734375000003
-1.01975 -0.0906659722222225
-1.004125 -0.129533159722222
-0.9885 -0.162975
-0.972875 -0.190991493055556
-0.95725 -0.213582638888889
-0.941625 -0.2307484375
-0.926 -0.242488888888889
-0.910375 -0.248803993055556
-0.89475 -0.24969375
-0.879125 -0.245158159722222
-0.8635 -0.235197222222222
-0.847875 -0.2198109375
-0.83225 -0.198999305555555
-0.816625 -0.172762326388889
-0.801 -0.1411
-0.785375 -0.104012326388889
-0.76975 -0.0614993055555554
-0.754125 -0.0135609374999998
-0.7385 0.0368638888888891
-0.722875 0.0822414930555557
-0.70725 0.12219375
-0.691625 0.156720659722222
-0.676 0.185822222222222
-0.660375 0.2094984375
-0.64475 0.227749305555556
-0.629125 0.240574826388889
-0.6135 0.247975
-0.597875 0.249949826388889
-0.58225 0.246499305555555
-0.566625 0.2376234375
-0.551 0.223322222222222
-0.535375 0.203595659722222
-0.51975 0.17844375
-0.504125 0.147866493055555
-0.4885 0.111863888888889
-0.472875 0.0704359374999998
-0.45725 0.0235826388888887
-0.441625 -0.0271373263888891
-0.426 -0.0736000000000002
-0.410375 -0.114637326388889
-0.39475 -0.150249305555556
-0.379125 -0.1804359375
-0.3635 -0.205197222222222
-0.347875 -0.224533159722222
-0.33225 -0.23844375
-0.316625 -0.246928993055556
-0.301 -0.249988888888889
-0.285375 -0.2476234375
-0.26975 -0.239832638888889
-0.254125 -0.226616493055555
-0.2385 -0.207975
-0.222875 -0.183908159722222
-0.20725 -0.154415972222222
-0.191625 -0.1194984375
-0.176 -0.0791555555555554
-0.160375 -0.0333873263888888
-0.14475 0.0175000000000002
-0.129125 0.0695833333333335
-0.1135 0.121666666666667
-0.0978749999999999 0.17375
-0.0822499999999999 0.225833333333333
-0.0666249999999999 0.277916666666667
-0.0509999999999999 0.33
-0.0353749999999999 0.382083333333333
-0.0197499999999999 0.434166666666667
-0.00412499999999993 0.48625
0.0115000000000001 0.538333333333333
0.0271250000000001 0.590416666666667
0.0427500000000001 0.6425
0.0583750000000001 0.694583333333333
0.0740000000000001 0.746666666666667
0.0896250000000001 0.79875
0.10525 0.850833333333334
0.120875 0.902916666666667
0.1365 0.955
0.152125 1.00703315972222
0.16775 1.05566597222222
0.183375 1.0988734375
0.199 1.13665555555556
0.214625 1.16901232638889
0.23025 1.19594375
0.245875 1.21744982638889
0.2615 1.23353055555556
0.277125 1.2441859375
0.29275 1.24941597222222
0.308375 1.24922065972222
0.324 1.2436
0.339625 1.23255399305556
0.35525 1.21608263888889
0.370875 1.1941859375
0.3865 1.16686388888889
0.402125 1.13411649305556
0.41775 1.09594375
0.433375 1.05234565972222
0.449 1.00332222222222
0.464625 0.9536265625
0.48025 0.909334027777778
0.495875 0.870466840277778
0.5115 0.837025
0.527125 0.809008506944444
0.54275 0.786417361111111
0.558375 0.7692515625
0.574 0.757511111111111
0.589625 0.751196006944444
0.60525 0.75030625
0.620875 0.754841840277778
0.6365 0.764802777777778
0.652125 0.7801890625
0.66775 0.801000694444444
0.683375 0.827237673611111
0.699 0.8589
0.714625 0.895987673611111
0.73025 0.938500694444445
0.745875 0.9864390625
0.7615 1.03686388888889
0.777125 1.08224149305556
0.79275 1.12219375
0.808375 1.15672065972222
0.824 1.18582222222222
0.839625 1.2094984375
0.85525 1.22774930555556
0.870875 1.24057482638889
0.8865 1.247975
0.902125 1.24994982638889
0.91775 1.24649930555556
0.933375 1.2376234375
0.949 1.22332222222222
0.964625 1.20359565972222
0.98025 1.17844375
0.995875 1.14786649305556
1.0115 1.11186388888889
1.027125 1.0704359375
1.04275 1.02358263888889


-1 0.0384615384615385
-0.818181818181818 0.0563839701770736
-0.636363636363636 0.0898959881129272
-0.454545454545455 0.162198391420911
-0.272727272727273 0.34971098265896
-0.0909090909090908 0.828767123287672
0.0909090909090908 0.828767123287672
0.272727272727273 0.34971098265896
0.454545454545455 0.162198391420911
0.636363636363636 0.0898959881129272
0.818181818181818 0.0563839701770736
1 0.0384615384615385


-1.01 0.037475804717184
-0.994375 0.0390160136927378
-0.97875 0.0405562226682916
-0.963125 0.0420964316438454
-0.9475 0.0436366406193992
-0.931875 0.045176849594953
-0.91625 0.0467170585705068
-0.900625 0.0482572675460606
-0.885 0.0497974765216144
-0.869375 0.0513376854971682
-0.85375 0.052877894472722
-0.838125 0.0544181034482759
-0.8225 0.0559583124238297
-0.806875 0.0575588107747654
-0.79125 0.0593807817297846
-0.775625 0.0614330187898646
-0.76 0.0637155219550055
-0.744375 0.0662282912252073
-0.72875 0.0689713266004698
-0.713125 0.0719446280807933
-0.6975 0.0751481956661776
-0.681875 0.0785820293566228
-0.66625 0.0822461291521288
-0.650625 0.0861404950526956
-0.635 0.0902655551890508
-0.619375 0.0946864753689425
-0.60375 0.0994500831339623
-0.588125 0.10455637848411
-0.5725 0.110005361419386
-0.556875 0.11579703193979
-0.54125 0.121931390045322
-0.525625 0.128408435735983
-0.51 0.135228169011771
-0.494375 0.142390589872687
-0.47875 0.149895698318732
-0.463125 0.157743494349904
-0.4475 0.166037298364066
-0.431875 0.175536914429071
-0.41625 0.186395555889849
-0.400625 0.198613222746399
-0.385 0.212189914998722
-0.369375 0.227125632646817
-0.35375 0.243420375690685
-0.338125 0.261074144130325
-0.3225 0.280086937965738
-0.306875 0.300458757196923
-0.29125 0.322189601823881
-0.275625 0.345279471846611
-0.26 0.370255238647101
-0.244375 0.398150914613713
-0.22875 0.428993811458511
-0.213125 0.462783929181496
-0.1975 0.499521267782667
-0.181875 0.539205827262024
-0.16625 0.581837607619567
-0.150625 0.627416608855296
-0.135 0.675942830969212
-0.119375 0.727416273961314
-0.10375 0.781836937831603
-0.088125 0.838998926404988
-0.0725 0.890517780403268
-0.056875 0.932013511055579
-0.04125 0.963486118361921
-0.025625 0.984935602322294
-0.01 0.996361962936698
0.00562499999999999 0.997765200205134
0.02125 0.989145314127601
0.036875 0.970502304704099
0.0525 0.941836171934628
0.068125 0.903146915819189
0.08375 0.85443453635778
0.099375 0.797602865696655
0.115 0.742356979980474
0.130625 0.69005831514248
0.14625 0.640706871182672
0.161875 0.59430264810105
0.1775 0.550845645897615
0.193125 0.510335864572365
0.20875 0.472773304125303
0.224375 0.438157964556426
0.24 0.406489845865736
0.255625 0.377768948053232
0.27125 0.351995271118914
0.286875 0.328517775670351
0.3025 0.306406403932577
0.318125 0.285654057590576
0.33375 0.266260736644347
0.349375 0.24822644109389
0.365 0.231551170939206
0.380625 0.216234926180295
0.39625 0.202277706817156
0.411875 0.189679512849789
0.4275 0.178440344278195
0.443125 0.168560201102374
0.45875 0.160002286853888
0.474375 0.152058538298879
0.49 0.144457477328999
0.505625 0.137199103944247
0.52125 0.130283418144622
0.536875 0.123710419930126
0.5525 0.117480109300758
0.568125 0.111592486256518
0.58375 0.106047550797407
0.599375 0.100845302923423
0.615 0.0959857426345671
0.630625 0.0914688699308395
0.64625 0.0872721811908813
0.661875 0.0833133407808974
0.6775 0.0795847664759743
0.693125 0.0760864582761121
0.70875 0.0728184161813108
0.724375 0.0697806401915703
0.74 0.0669731303068906
0.755625 0.0643958865272718
0.77125 0.0620489088527139
0.786875 0.0599321972832168
0.8025 0.0580457518187806
0.818125 0.0563895724594052
0.83375 0.0548493619614309
0.849375 0.0533091529858771
0.865 0.0517689440103233
0.880625 0.0502287350347695
0.89625 0.0486885260592157
0.911875 0.0471483170836619
0.9275 0.0456081081081081
0.943125 0.0440678991325543
0.95875 0.0425276901570005
0.974375 0.0409874811814467
0.99 0.0394472722058929
1.005625 0.0379070632303391


-1 -0.5
-0.818181818181818 -0.260330578512397
-0.636363636363636 -0.0867768595041322
-0.454545454545455 0.0206611570247934
-0.272727272727273 0.0619834710743802
-0.0909090909090908 0.0371900826446281
0.0909090909090908 0.128099173553719
0.272727272727273 0.334710743801653
0.454545454545455 0.475206611570248
0.636363636363636 0.549586776859504
0.818181818181818 0.557851239669422
1 0.5


-1.01 -0.513181818181818
-0.994375 -0.492585227272727
-0.97875 -0.471988636363636
-0.963125 -0.451392045454545
-0.9475 -0.430795454545455
-0.931875 -0.410198863636364
-0.91625 -0.389602272727273
-0.900625 -0.369005681818182
-0.885 -0.348409090909091
-0.869375 -0.3278125
-0.85375 -0.307215909090909
-0.838125 -0.286619318181818
-0.8225 -0.266022727272727
-0.806875 -0.24568182463843
-0.79125 -0.226280191115702
-0.775625 -0.207855120092975
-0.76 -0.190406611570248
-0.744375 -0.173934665547521
-0.72875 -0.158439282024793
-0.713125 -0.143920461002066
-0.6975 -0.130378202479339
-0.681875 -0.117812506456612
-0.66625 -0.106223372933884
-0.650625 -0.095610801911157
-0.635 -0.0859710743801653
-0.619375 -0.0767381198347108
-0.60375 -0.0675051652892562
-0.588125 -0.0582722107438017
-0.5725 -0.0490392561983471
-0.556875 -0.0398063016528926
-0.54125 -0.030573347107438
-0.525625 -0.0213403925619835
-0.51 -0.0121074380165289
-0.494375 -0.00287448347107438
-0.47875 0.00635847107438016
-0.463125 0.0155914256198347
-0.4475 0.0247251033057851
-0.431875 0.0330294356921488
-0.41625 0.0403572055785124
-0.400625 0.0467084129648761
-0.385 0.0520830578512397
-0.369375 0.0564811402376033
-0.35375 0.059902660123967
-0.338125 0.0623476175103306
-0.3225 0.0638160123966942
-0.306875 0.0643078447830579
-0.29125 0.0638231146694215
-0.275625 0.0623618220557851
-0.26 0.0602479338842975
-0.244375 0.0581172520661157
-0.22875 0.0559865702479339
-0.213125 0.0538558884297521
-0.1975 0.0517252066115702
-0.181875 0.0495945247933884
-0.16625 0.0474638429752066
-0.150625 0.0453331611570248
-0.135 0.043202479338843
-0.119375 0.0410717975206611
-0.10375 0.0389411157024793
-0.088125 0.0368375629519628
-0.0725 0.0358658832644628
-0.056875 0.0366031879519628
-0.04125 0.0390494770144628
-0.025625 0.0432047504519628
-0.01 0.0490690082644628
0.00562499999999999 0.0566422504519628
0.02125 0.0659244770144628
0.036875 0.0769156879519628
0.0525 0.0896158832644628
0.068125 0.104025062951963
0.08375 0.120143227014463
0.099375 0.137719524793388
0.115 0.15547520661157
0.130625 0.173230888429752
0.14625 0.190986570247934
0.161875 0.208742252066116
0.1775 0.226497933884298
0.193125 0.244253615702479
0.20875 0.262009297520661
0.224375 0.279764979338843
0.24 0.297520661157025
0.255625 0.315276342975207
0.27125 0.333032024793388
0.286875 0.350387390237603
0.3025 0.36677055785124
0.318125 0.382177162964876
0.33375 0.396607205578512
0.349375 0.410060685692149
0.365 0.422537603305785
0.380625 0.434037958419421
0.39625 0.444561751033058
0.411875 0.454108981146694
0.4275 0.462679648760331
0.443125 0.470273753873967
0.45875 0.476926652892562
0.474375 0.483318698347107
0.49 0.489710743801653
0.505625 0.496102789256198
0.52125 0.502494834710744
0.536875 0.508886880165289
0.5525 0.515278925619835
0.568125 0.52167097107438
0.58375 0.528063016528926
0.599375 0.534455061983471
0.615 0.540847107438017
0.630625 0.547239152892562
0.64625 0.553435717975207
0.661875 0.558721584452479
0.6775 0.563030888429752
0.693125 0.566363629907025
0.70875 0.568719808884298
0.724375 0.57009942536157
0.74 0.570502479338843
0.755625 0.569928970816116
0.77125 0.568378899793389
0.786875 0.565852266270661
0.8025 0.562349070247934
0.818125 0.557869311725207
0.83375 0.552897727272727
0.849375 0.547926136363636
0.865 0.542954545454545
0.880625 0.537982954545455
0.89625 0.533011363636364
0.911875 0.528039772727273
0.9275 0.523068181818182
0.943125 0.518096590909091
0.95875 0.513125
0.974375 0.508153409090909
0.99 0.503181818181818
1.005625 0.498210227272727


-1 -2.28083289026587
-0.818181818181818 -0.729762805304548
-0.636363636363636 1.88348531811235
-0.454545454545455 -0.261778243134312
-0.272727272727273 -1.20240357644546
-0.0909090909090908 0.672941347533148
0.0909090909090908 0.561066812199206
0.272727272727273 -0.696886995240961
0.454545454545455 -0.105467920545715
0.636363636363636 0.527501632098859
0.818181818181818 -0.142075118427512
1 -0.308677165219513


-1.01 -2.2683545652411
-0.994375 -2.28337136327018
-0.97875 -2.27349602339859
-0.963125 -2.23872854562632
-0.9475 -2.17906892995339
-0.931875 -2.0945171763798
-0.91625 -1.98507328490553
-0.900625 -1.85073725553059
-0.885 -1.69150908825499
-0.869375 -1.50738878307871
-0.85375 -1.29837634000177
-0.838125 -1.06447175902416
-0.8225 -0.805675040145874
-0.806875 -0.530913195731187
-0.79125 -0.264052531682515
-0.775625 -0.00639509651923753
-0.76 0.242059109758645
-0.744375 0.481310087151133
-0.72875 0.711357835658226
-0.713125 0.932202355279924
-0.6975 1.14384364601623
-0.681875 1.34628170786714
-0.66625 1.53951654083265
-0.650625 1.72354814491277
-0.635 1.89817895048424
-0.619375 2.03333687147244
-0.60375 2.10741238733184
-0.588125 2.12040549806244
-0.5725 2.07231620366424
-0.556875 1.96314450413724
-0.54125 1.79289039948144
-0.525625 1.56155388969683
-0.51 1.26913497478343
-0.494375 0.915633654741223
-0.47875 0.501049929570216
-0.463125 0.0253837992704087
-0.4475 -0.497136682535869
-0.431875 -0.961880356428888
-0.41625 -1.34774850683615
-0.400625 -1.65474113375765
-0.385 -1.88285823719339
-0.369375 -2.03209981714338
-0.35375 -2.1024658736076
-0.338125 -2.09395640658607
-0.3225 -2.00657141607878
-0.306875 -1.84031090208573
-0.29125 -1.59517486460693
-0.275625 -1.27116330364236
-0.26 -0.906810636222838
-0.244375 -0.577742652532398
-0.22875 -0.285956881642651
-0.213125 -0.0314533235535961
-0.1975 0.185768021734766
-0.181875 0.365707154222436
-0.16625 0.508364073909414
-0.150625 0.613738780795698
-0.135 0.681831274881291
-0.119375 0.712641556166191
-0.10375 0.706169624650399
-0.088125 0.66313319574754
-0.0725 0.612758920493211
-0.056875 0.570314617490645
-0.04125 0.535800286739845
-0.025625 0.509215928240808
-0.01 0.490561541993537
0.00562499999999999 0.479837127998029
0.02125 0.477042686254286
0.036875 0.482178216762307
0.0525 0.495243719522092
0.068125 0.516239194533642
0.08375 0.545164641796956
0.099375 0.577207307638007
0.115 0.587833442606284
0.130625 0.573601432480408
0.14625 0.534511277260378
0.161875 0.470562976946194
0.1775 0.381756531537857
0.193125 0.268091941035366
0.20875 0.129569205438721
0.224375 -0.0338116752520775
0.24 -0.22205070103703
0.255625 -0.435147871916135
0.27125 -0.673103187889395
0.286875 -0.904339194586045
0.3025 -1.08374517014706
0.318125 -1.21097682401011
0.33375 -1.2860341561752
0.349375 -1.30891716664234
0.365 -1.27962585541151
0.380625 -1.19816022248272
0.39625 -1.06452026785597
0.411875 -0.878705991531262
0.4275 -0.640717393508592
0.443125 -0.350554473787962
0.45875 -0.0119729509242835
0.474375 0.302757026929271
0.49 0.565926404744029
0.505625 0.77753518251999
0.52125 0.937583360257154
0.536875 1.04607093795552
0.5525 1.10299791561509
0.568125 1.10836429323587
0.58375 1.06217007081784
0.599375 0.964415248361023
0.615 0.815099825865406
0.630625 0.614223803330993
0.64625 0.37857798607692
0.661875 0.169596112959602
0.6775 -0.00706443046604843
0.693125 -0.151403644200032
0.70875 -0.263421528242348
0.724375 -0.343118082592996
0.74 -0.390493307251978
0.755625 -0.405547202219292
0.77125 -0.388279767494938
0.786875 -0.338691003078918
0.8025 -0.256780908971229
0.818125 -0.142549485171874
0.83375 -0.0243957947748158
0.849375 0.0688661359924335
0.865 0.137235928859014
0.880625 0.180713583824925
0.89625 0.199299100890167
0.911875 0.192992480054741
0.9275 0.161793721318645
0.943125 0.10570282468188
0.95875 0.0247197901444464
0.974375 -0.0811553822936564
0.99 -0.211922692632428
1.005625 -0.367582140871869
