----------------------------------------------
Generating random symmetric matrix A:

         3          5          5          7          2          7          6 
         5          3          5          5          3          7          3 
         5          5          5          2          1          4          7 
         7          5          2          1          6          8          1 
         2          3          1          6          1          4          4 
         7          7          4          8          4          2          3 
         6          3          7          1          4          3          3 
----------------------------------------------
Making the Jacobi EVD:
The number of sweeps required was: 6

The matrix D containing eigenvalues on the diagonal is:

     -8.56   3.73e-10   4.84e-15  -3.55e-17  -5.86e-09   4.16e-09   1.25e-10 
  3.73e-10      -6.14  -3.64e-14   3.06e-19  -1.65e-24  -4.28e-11   3.55e-11 
  4.86e-15  -3.65e-14      -3.71   5.29e-23  -1.64e-10   3.98e-13  -3.26e-14 
 -3.29e-16   4.64e-16   5.31e-16      -1.22  -4.43e-11  -9.08e-15  -5.72e-18 
 -5.86e-09  -7.71e-16  -1.64e-10  -4.43e-11      0.795  -4.27e-16    2.4e-19 
  4.16e-09  -4.28e-11   3.98e-13  -1.01e-14   6.56e-16       6.44   1.07e-07 
  1.25e-10   3.55e-11  -3.25e-14   1.45e-15  -5.38e-17   1.07e-07       30.4 

The matrix V containing (normalized) eigenvectors in columns is:

     0.406     -0.365     -0.153     -0.689    -0.0996    -0.0114       0.44 
    -0.042     -0.262     -0.547      0.545     -0.412     0.0945      0.394 
    0.0765     -0.102      0.604       0.24      -0.22     -0.616      0.365 
    -0.679     -0.226      0.346     -0.128     0.0509      0.451      0.381 
     0.427     -0.169       0.13      0.376      0.702      0.262      0.265 
     0.192      0.807     0.0753    -0.0298      -0.19      0.279      0.437 
    -0.385      0.238     -0.412      -0.11      0.491     -0.512      0.333 
----------------------------------------------
Checking that V^T A V gives D:

     -8.56   3.73e-10      6e-15  -2.22e-16  -5.86e-09   4.16e-09   1.25e-10 
  3.73e-10      -6.14   -3.8e-14   1.03e-15   7.77e-16  -4.28e-11   3.55e-11 
  6.44e-15  -3.81e-14      -3.71   1.25e-15  -1.64e-10   3.98e-13  -4.23e-14 
  1.67e-16   1.58e-15   1.08e-15      -1.22  -4.43e-11  -9.81e-15  -2.29e-16 
 -5.86e-09   3.19e-16  -1.64e-10  -4.43e-11      0.795  -4.16e-16   1.55e-15 
  4.16e-09  -4.28e-11   3.98e-13  -9.66e-15          0       6.44   1.07e-07 
  1.25e-10   3.55e-11  -4.09e-14  -1.11e-15   3.55e-15   1.07e-07       30.4 

By virtue of the approx. method, this is True
----------------------------------------------
Checking that V D V^T gives A:

         3          5          5          7          2          7          6 
         5          3          5          5          3          7          3 
         5          5          5          2          1          4          7 
         7          5          2          1          6          8          1 
         2          3          1          6          1          4          4 
         7          7          4          8          4          2          3 
         6          3          7          1          4          3          3 

By virtue of the approx. method, this is True
----------------------------------------------
Checking that V^T V gives the identity:

         1   4.16e-17  -2.78e-16   5.55e-17  -1.94e-16  -1.11e-16  -8.33e-17 
  4.16e-17          1   1.94e-16  -1.46e-16   1.11e-16          0   -1.8e-16 
 -2.78e-16   1.94e-16          1  -5.41e-16   1.39e-16   8.33e-17  -4.16e-16 
  5.55e-17  -1.46e-16  -5.41e-16          1   1.04e-16   2.01e-16  -3.47e-17 
 -1.94e-16   1.11e-16   1.39e-16   1.04e-16          1   3.33e-16   1.94e-16 
 -1.11e-16          0   8.33e-17   2.01e-16   3.33e-16          1   1.94e-16 
 -8.33e-17   -1.8e-16  -4.16e-16  -3.47e-17   1.94e-16   1.94e-16          1 

By virtue of the approx. method, this is True
----------------------------------------------
Checking that V V^T gives the identity:

         1   4.16e-17  -2.78e-16   5.55e-17  -1.94e-16  -1.11e-16  -8.33e-17 
  4.16e-17          1   1.94e-16  -1.46e-16   1.11e-16          0   -1.8e-16 
 -2.78e-16   1.94e-16          1  -5.41e-16   1.39e-16   8.33e-17  -4.16e-16 
  5.55e-17  -1.46e-16  -5.41e-16          1   1.04e-16   2.01e-16  -3.47e-17 
 -1.94e-16   1.11e-16   1.39e-16   1.04e-16          1   3.33e-16   1.94e-16 
 -1.11e-16          0   8.33e-17   2.01e-16   3.33e-16          1   1.94e-16 
 -8.33e-17   -1.8e-16  -4.16e-16  -3.47e-17   1.94e-16   1.94e-16          1 

By virtue of the approx. method, this is True
----------------------------------------------
In conclusion: The Jacobi EVD is succesful! :-)
