5 0 0
10 0 0
15 0 0
20 0 0
25 1 0
30 2 1
35 3 2
40 5 3
45 6 4
50 7 5
55 9 6
60 12 8
65 16 10
70 19 13
75 24 16
80 28 19
85 35 25
90 43 29
95 51 33
100 58 38
105 60 40
110 78 51
115 84 57
120 93 64
125 102 68
130 114 75
135 132 88
140 144 96
145 164 108
150 187 126
155 205 136
160 220 149
165 246 164
170 266 174
175 304 196
180 319 209
185 341 221
190 373 243
195 417 262
200 435 286
205 480 312
210 533 331
215 546 359
220 684 406
225 669 462
230 769 513
235 765 527
240 766 505
245 858 600
250 877 583
255 984 664
260 1138 743
265 1224 783
270 1251 824
275 1317 858
280 1450 933
285 1439 934
290 1671 993
295 1709 1104
300 1651 1094
