

-3.5 0
-2.5 0
-1.5 0
-0.5 0
0.5 1
1.5 1
2.5 1
3.5 1


-3.5 0
-3.46875 -0.000761450790777439
-3.4375 -0.00151843559451219
-3.40625 -0.00226648842416159
-3.375 -0.00300114329268293
-3.34375 -0.00371793421303354
-3.3125 -0.00441239519817073
-3.28125 -0.00508006026105183
-3.25 -0.00571646341463415
-3.21875 -0.006317138671875
-3.1875 -0.00687762004573171
-3.15625 -0.00739344154916158
-3.125 -0.00786013719512195
-3.09375 -0.00827324099657012
-3.0625 -0.00862828696646341
-3.03125 -0.00892080911775914
-3 -0.00914634146341463
-2.96875 -0.00930041801638719
-2.9375 -0.00937857278963414
-2.90625 -0.0093763397961128
-2.875 -0.00928925304878049
-2.84375 -0.00911284656059451
-2.8125 -0.00884265434451219
-2.78125 -0.00847421041349085
-2.75 -0.00800304878048781
-2.71875 -0.00742470345846036
-2.6875 -0.00673470846036585
-2.65625 -0.00592859779916159
-2.625 -0.00500190548780488
-2.59375 -0.00395016553925305
-2.5625 -0.00276891196646342
-2.53125 -0.00145367878239329
-2.5 0
-2.46875 0.00159212438071646
-2.4375 0.00330483041158537
-2.40625 0.00511578815739329
-2.375 0.00700266768292683
-2.34375 0.00894313905297256
-2.3125 0.0109148723323171
-2.28125 0.0128955375857469
-2.25 0.0148628048780488
-2.21875 0.0167943442740091
-2.1875 0.0186678258384146
-2.15625 0.0204609196360518
-2.125 0.0221512957317073
-2.09375 0.0237166241901677
-2.0625 0.0251345750762195
-2.03125 0.0263828184546494
-2 0.0274390243902439
-1.96875 0.0282808629477896
-1.9375 0.0288860041920732
-1.90625 0.0292321181878811
-1.875 0.029296875
-1.84375 0.0290579446932165
-1.8125 0.0284929973323171
-1.78125 0.0275797029820884
-1.75 0.0262957317073171
-1.71875 0.0246187535727896
-1.6875 0.0225264386432927
-1.65625 0.0199964569836128
-1.625 0.0170064786585366
-1.59375 0.0135341737328506
-1.5625 0.00955721227134146
-1.53125 0.00505326433879573
-1.5 -6.93889390390723E-18
-1.46875 -0.00560704673208841
-1.4375 -0.0117008860518293
-1.40625 -0.0181966642054116
-1.375 -0.0250095274390244
-1.34375 -0.0320546219988567
-1.3125 -0.0392470941310976
-1.28125 -0.046502090081936
-1.25 -0.053734756097561
-1.21875 -0.0608602384241616
-1.1875 -0.0677936833079268
-1.15625 -0.0744502369950457
-1.125 -0.0807450457317073
-1.09375 -0.0865932557641006
-1.0625 -0.0919100133384146
-1.03125 -0.0966104647008384
-1 -0.100609756097561
-0.96875 -0.103823033774771
-0.9375 -0.106165443978659
-0.90625 -0.107552132955412
-0.875 -0.107898246951219
-0.84375 -0.107118932212271
-0.8125 -0.105129334984756
-0.78125 -0.101844601514863
-0.75 -0.0971798780487805
-0.71875 -0.0910503108326982
-0.6875 -0.0833710461128049
-0.65625 -0.0740572301352896
-0.625 -0.0630240091463415
-0.59375 -0.0501865293921494
-0.5625 -0.0354599371189025
-0.53125 -0.0187593785727896
-0.5 0
-0.46875 0.0208665801257622
-0.4375 0.0437428544207317
-0.40625 0.0684948432736281
-0.375 0.0949885670731707
-0.34375 0.123090046208079
-0.3125 0.152665301067073
-0.28125 0.183580352038872
-0.25 0.215701219512195
-0.21875 0.248893923875762
-0.1875 0.283024485518293
-0.15625 0.317958924828506
-0.125 0.353563262195122
-0.09375 0.38970351800686
-0.0625 0.426245712652439
-0.03125 0.463055866520579
0 0.5
0.03125 0.536944133479421
0.0625 0.573754287347561
0.09375 0.61029648199314
0.125 0.646436737804878
0.15625 0.682041075171494
0.1875 0.716975514481707
0.21875 0.751106076124238
0.25 0.784298780487805
0.28125 0.816419647961128
0.3125 0.847334698932927
0.34375 0.876909953791921
0.375 0.905011432926829
0.40625 0.931505156726372
0.4375 0.956257145579268
0.46875 0.979133419874238
0.5 1
0.53125 1.01875937857279
0.5625 1.0354599371189
0.59375 1.05018652939215
0.625 1.06302400914634
0.65625 1.07405723013529
0.6875 1.0833710461128
0.71875 1.0910503108327
0.75 1.09717987804878
0.78125 1.10184460151486
0.8125 1.10512933498476
0.84375 1.10711893221227
0.875 1.10789824695122
0.90625 1.10755213295541
0.9375 1.10616544397866
0.96875 1.10382303377477
1 1.10060975609756
1.03125 1.09661046470084
1.0625 1.09191001333841
1.09375 1.0865932557641
1.125 1.08074504573171
1.15625 1.07445023699505
1.1875 1.06779368330793
1.21875 1.06086023842416
1.25 1.05373475609756
1.28125 1.04650209008194
1.3125 1.0392470941311
1.34375 1.03205462199886
1.375 1.02500952743902
1.40625 1.01819666420541
1.4375 1.01170088605183
1.46875 1.00560704673209
1.5 1
1.53125 0.994946735661204
1.5625 0.990442787728659
1.59375 0.986465826267149
1.625 0.982993521341463
1.65625 0.980003543016387
1.6875 0.977473561356707
1.71875 0.97538124642721
1.75 0.973704268292683
1.78125 0.972420297017912
1.8125 0.971507002667683
1.84375 0.970942055306784
1.875 0.970703125
1.90625 0.970767881812119
1.9375 0.971113995807927
1.96875 0.97171913705221
2 0.972560975609756
2.03125 0.973617181545351
2.0625 0.97486542492378
2.09375 0.976283375809832
2.125 0.977848704268293
2.15625 0.979539080363948
2.1875 0.981332174161585
2.21875 0.983205655725991
2.25 0.985137195121951
2.28125 0.987104462414253
2.3125 0.989085127667683
2.34375 0.991056860947027
2.375 0.992997332317073
2.40625 0.994884211842607
2.4375 0.996695169588415
2.46875 0.998407875619284
2.5 1
2.53125 1.00145367878239
2.5625 1.00276891196646
2.59375 1.00395016553925
2.625 1.0050019054878
2.65625 1.00592859779916
2.6875 1.00673470846037
2.71875 1.00742470345846
2.75 1.00800304878049
2.78125 1.00847421041349
2.8125 1.00884265434451
2.84375 1.00911284656059
2.875 1.00928925304878
2.90625 1.00937633979611
2.9375 1.00937857278963
2.96875 1.00930041801639
3 1.00914634146341
3.03125 1.00892080911776
3.0625 1.00862828696646
3.09375 1.00827324099657
3.125 1.00786013719512
3.15625 1.00739344154916
3.1875 1.00687762004573
3.21875 1.00631713867188
3.25 1.00571646341463
3.28125 1.00508006026105
3.3125 1.00441239519817
3.34375 1.00371793421303
3.375 1.00300114329268
3.40625 1.00226648842416
3.4375 1.00151843559451
3.46875 1.00076145079078
3.5 1


-5 25
-4 16
-3 9
-2 4
-1 1
0 0
1 1
2 4
3 9
4 16
5 25


-5 25 -30 -9.42265193370166
-4.96875 24.7055550253852 -29.2233508034964 -9.42141369561464
-4.9375 24.4111874406509 -28.4559020047688 -9.41769898135359
-4.90625 24.1169746356774 -27.6976499761666 -9.41150779091851
-4.875 23.8229940003453 -26.9485886716052 -9.40284012430939
-4.84375 23.5293229245349 -26.2087096265666 -9.39169598152624
-4.8125 23.2360387981267 -25.4780019580989 -9.37807536256906
-4.78125 22.9432190110012 -24.7564523648162 -9.36197826743785
-4.75 22.6509409530387 -24.0440451268992 -9.3434046961326
-4.71875 22.3592820141197 -23.3407621060946 -9.32235464865331
-4.6875 22.0683195841247 -22.6465827457154 -9.298828125
-4.65625 21.778131052934 -21.9614840706409 -9.27282512517265
-4.625 21.4887938104282 -21.2854406873166 -9.24434564917127
-4.59375 21.2003852464876 -20.6184247837541 -9.21338969699586
-4.5625 20.9129827509927 -19.9604061295314 -9.17995726864641
-4.53125 20.626663713824 -19.3113520757928 -9.14404836412293
-4.5 20.3415055248619 -18.6712275552486 -9.10566298342541
-4.46875 20.0575855739867 -18.0399950821755 -9.06480112655387
-4.4375 19.7749812510791 -17.4176147524165 -9.02146279350829
-4.40625 19.4937699460193 -16.8040442433805 -8.97564798428867
-4.375 19.2140290486878 -16.1992388140431 -8.92735669889503
-4.34375 18.9358359489652 -15.6031513049458 -8.87658893732735
-4.3125 18.6592680367317 -15.0157321381964 -8.82334469958563
-4.28125 18.3844027018679 -14.4369293174691 -8.76762398566989
-4.25 18.1113173342541 -13.8666884280041 -8.70942679558011
-4.21875 17.8400893237709 -13.3049526366081 -8.6487531293163
-4.1875 17.5707960602987 -12.7516626916538 -8.58560298687845
-4.15625 17.3035149337178 -12.2067569230801 -8.51997636826657
-4.125 17.0383233339088 -11.6701712423925 -8.45187327348066
-4.09375 16.7752986507521 -11.1418391426624 -8.38129370252072
-4.0625 16.5145182741281 -10.6216916985275 -8.30823765538674
-4.03125 16.2560595939173 -10.1096575661917 -8.23270513207873
-4 16 -9.60566298342541 -8.15469613259668
-3.96875 15.7464005275326 -9.10963189733621 -8.07578071046271
-3.9375 15.4952567927745 -8.62148736985349 -7.9975289191989
-3.90625 15.2465480572611 -8.14115298321234 -7.91994075880525
-3.875 15.0002535825276 -7.66855296772488 -7.84301622928177
-3.84375 14.7563526301094 -7.20361220178025 -7.76675533062845
-3.8125 14.5148244615418 -6.7462562118446 -7.6911580628453
-3.78125 14.27564833836 -6.29641117246111 -7.61622442593232
-3.75 14.0388035220994 -5.85400390625 -7.5419544198895
-3.71875 13.8042692742954 -5.41896188390848 -7.46834804471685
-3.6875 13.5720248564831 -4.99121322421079 -7.39540530041437
-3.65625 13.3420495301979 -4.57068669400821 -7.32312618698205
-3.625 13.1143225569751 -4.15731170822902 -7.25151070441989
-3.59375 12.8888231983501 -3.75101832987854 -7.1805588527279
-3.5625 12.6655307158581 -3.35173727003909 -7.11027063190608
-3.53125 12.4444243710344 -2.95939988787003 -7.04064604195442
-3.5 12.2254834254144 -2.57393819060773 -6.97168508287293
-3.46875 12.0086871405333 -2.1952848335656 -6.9033877546616
-3.4375 11.7940147779264 -1.82337312013405 -6.83575405732044
-3.40625 11.5814455991292 -1.45813700178051 -6.76878399084945
-3.375 11.3709588656768 -1.09951107804947 -6.70247755524862
-3.34375 11.1625338391046 -0.747430596562381 -6.63683475051796
-3.3125 10.9561497809479 -0.401831453017767 -6.57185557665746
-3.28125 10.7517859527419 -0.0626501911911532 -6.50754003366713
-3.25 10.5494216160221 0.270175997064918 -6.44388812154696
-3.21875 10.3490360323237 0.59670927182087 -6.38089984029696
-3.1875 10.150608463182 0.917011145070113 -6.31857518991713
-3.15625 9.95411817013229 1.23114248072903 -6.25691417040746
-3.125 9.75954441470994 1.539163494637 -6.19591678176796
-3.09375 9.56686645845023 1.84113375455635 -6.13558302399862
-3.0625 9.37606356288846 2.13711218017241 -6.07591289709945
-3.03125 9.18711498955995 2.42715704309347 -6.01690640107045
-3 9 2.71132596685083 -5.95856353591161
-2.96875 8.81470223948442 2.98967596114669 -5.90046346253453
-2.9375 8.63122288825104 3.26226379858196 -5.84218534185083
-2.90625 8.44956751027819 3.52914639138385 -5.7837291738605
-2.875 8.2697416695442 3.79038082565392 -5.72509495856354
-2.84375 8.09175093002741 4.04602436136804 -5.66628269595994
-2.8125 7.91560085570615 4.29613443237642 -5.60729238604972
-2.78125 7.74129701055874 4.54076864640357 -5.54812402883287
-2.75 7.56884495856354 4.77998478504834 -5.48877762430939
-2.71875 7.39825026369885 5.0138408037839 -5.42925317247928
-2.6875 7.22951848994303 5.24239483195774 -5.36955067334254
-2.65625 7.06265520127439 5.46570517279167 -5.30967012689917
-2.625 6.89766596167127 5.68383030338182 -5.24961153314917
-2.59375 6.73455633511201 5.89682887469866 -5.18937489209254
-2.5625 6.57333188557493 6.10475971158696 -5.12896020372928
-2.53125 6.41399817703837 6.30768181276585 -5.06836746805939
-2.5 6.25656077348066 6.50565435082873 -5.00759668508287
-2.46875 6.10102523888014 6.69873667224336 -4.94664785479972
-2.4375 5.94739713721513 6.88698829735182 -4.88552097720994
-2.40625 5.79568203246396 7.07046892037049 -4.82421605231353
-2.375 5.64588548860497 7.24923840939011 -4.7627330801105
-2.34375 5.4980130696165 7.42335680637571 -4.70107206060083
-2.3125 5.35207033947687 7.59288432716664 -4.63923299378453
-2.28125 5.20806286216441 7.75788136147663 -4.5772158796616
-2.25 5.06599620165746 7.91840847289365 -4.51502071823204
-2.21875 4.92587592193435 8.07452639888005 -4.45264750949586
-2.1875 4.78770758697341 8.22629605077248 -4.39009625345304
-2.15625 4.65149676075298 8.37377851378194 -4.32736695010359
-2.125 4.51724900725138 8.5170350469937 -4.26445959944751
-2.09375 4.38496989044695 8.65612708336741 -4.20137420148481
-2.0625 4.25466497431803 8.791116229737 -4.13811075621547
-2.03125 4.12633982284293 8.92206426681076 -4.0746692636395
-2 4 9.04903314917127 -4.0110497237569
-1.96875 3.87564988952974 9.17208499605485 -3.94736543939917
-1.9375 3.75328915422134 9.29128198992482 -3.88372971339779
-1.90625 3.63291627662617 9.40668627504486 -3.82014254575276
-1.875 3.51452973929558 9.51835994825838 -3.75660393646409
-1.84375 3.39812802478095 9.6263650589885 -3.69311388553177
-1.8125 3.28370961563363 9.7307636092381 -3.6296723929558
-1.78125 3.171272994405 9.83161755358975 -3.56627945873619
-1.75 3.06081664364641 9.9289887992058 -3.50293508287293
-1.71875 2.95233904590923 10.0229392058283 -3.43963926536602
-1.6875 2.84583868374482 10.113530585779 -3.37639200621547
-1.65625 2.74131403970455 10.2008247039595 -3.31319330542127
-1.625 2.63876359633978 10.2848832778509 -3.25004316298343
-1.59375 2.53818583620187 10.3657679775143 -3.18694157890193
-1.5625 2.4395792418422 10.4435404255904 -3.1238885531768
-1.53125 2.34294229581211 10.5182621972996 -3.06088408580801
-1.5 2.24827348066298 10.589994820442 -2.99792817679558
-1.46875 2.15557127894618 10.6587997753976 -2.9350208261395
-1.4375 2.06483417321305 10.724738495126 -2.87216203383978
-1.40625 1.97606064601498 10.7878723651665 -2.80935179989641
-1.375 1.88924917990331 10.8482627236382 -2.74659012430939
-1.34375 1.80439825742943 10.90597086124 -2.68387700707873
-1.3125 1.72150636114468 10.9610580212504 -2.62121244820442
-1.28125 1.64057197360044 11.0135853995276 -2.55859644768646
-1.25 1.56159357734807 11.0636141445097 -2.49602900552486
-1.21875 1.48456965493892 11.1112053572144 -2.43351012171961
-1.1875 1.40949868892438 11.1564200912391 -2.37103979627072
-1.15625 1.33637916185579 11.1993193527612 -2.30861802917818
-1.125 1.26520955628453 11.2399641005374 -2.24624482044199
-1.09375 1.19598835476196 11.2784152459044 -2.18392017006216
-1.0625 1.12871403983943 11.3147336527788 -2.12164407803867
-1.03125 1.06338509406833 11.3489801376564 -2.05941654437155
-1 1 11.3812154696133 -1.99723756906077
-0.96875 0.938557577396625 11.4115003729393 -1.93507477986878
-0.9375 0.879057994863605 11.4398955561179 -1.87289580455801
-0.90625 0.821501758217153 11.4664617408046 -1.81070064312845
-0.875 0.765889373273481 11.4912596644618 -1.74848929558011
-0.84375 0.7122213458488 11.5143500803584 -1.68626176191298
-0.8125 0.660498181759323 11.5357937575704 -1.62401804212707
-0.78125 0.610720386821262 11.5556514809803 -1.56175813622238
-0.75 0.562888466850829 11.5739840512776 -1.49948204419889
-0.71875 0.517002927664235 11.5908522849584 -1.43718976605663
-0.6875 0.473064275077693 11.6063170143254 -1.37488130179558
-0.65625 0.431073014907415 11.6204390874884 -1.31255665141575
-0.625 0.391029652969613 11.6332793683637 -1.25021581491713
-0.59375 0.352934695080499 11.6448987366745 -1.18785879229972
-0.5625 0.316788647056285 11.6553580879506 -1.12548558356354
-0.53125 0.282592014713182 11.6647183335288 -1.06309618870856
-0.5 0.250345303867403 11.6730404005525 -1.00069060773481
-0.46875 0.220049020335161 11.6803852319717 -0.938268840642265
-0.4375 0.191703669932666 11.6868137865435 -0.875830887430939
-0.40625 0.165309758476131 11.6923870388316 -0.813376748100829
-0.375 0.140867791781768 11.6971659792062 -0.750906422651934
-0.34375 0.118378275665789 11.7012116138448 -0.688419911084254
-0.3125 0.097841715944406 11.7045849647311 -0.62591721339779
-0.28125 0.0792586184338312 11.707347069656 -0.563398329592541
-0.25 0.0626294889502763 11.7095589822168 -0.500863259668508
-0.21875 0.0479548333099533 11.7112817718179 -0.43831200362569
-0.1875 0.0352351573290747 11.7125765236702 -0.375744561464088
-0.15625 0.0244709668238517 11.7135043387914 -0.313160933183702
-0.125 0.0156627676104972 11.714126334006 -0.25056111878453
-0.09375 0.0088110655052227 11.7145036419452 -0.187945118266575
-0.0625 0.00391636632424042 11.7146974110472 -0.125312931629834
-0.03125 0.000979175883761951 11.7147688055565 -0.0626645588743093
0 0 11.7147790055249 0
0.03125 0.000979175883762084 11.7147892054932 0.0626645588743093
0.0625 0.00391636632424033 11.7148606000026 0.125312931629834
0.09375 0.00881106550522272 11.7150543691045 0.187945118266575
0.125 0.0156627676104972 11.7154316770438 0.25056111878453
0.15625 0.0244709668238519 11.7160536722584 0.313160933183702
0.1875 0.0352351573290746 11.7169814873795 0.375744561464088
0.21875 0.0479548333099534 11.7182762392318 0.438312003625691
0.25 0.0626294889502762 11.7199990288329 0.500863259668508
0.28125 0.0792586184338311 11.7222109413937 0.563398329592541
0.3125 0.0978417159444061 11.7249730463186 0.62591721339779
0.34375 0.118378275665789 11.728346397205 0.688419911084254
0.375 0.140867791781768 11.7323920318435 0.750906422651934
0.40625 0.165309758476131 11.7371709722182 0.813376748100829
0.4375 0.191703669932666 11.7427442245062 0.875830887430939
0.46875 0.220049020335161 11.749172779078 0.938268840642265
0.5 0.250345303867403 11.7565176104972 1.00069060773481
0.53125 0.282592014713182 11.7648396775209 1.06309618870856
0.5625 0.316788647056285 11.7741999230991 1.12548558356354
0.59375 0.352934695080499 11.7846592743752 1.18785879229972
0.625 0.391029652969613 11.796278642686 1.25021581491713
0.65625 0.431073014907415 11.8091189235613 1.31255665141575
0.6875 0.473064275077693 11.8232409967243 1.37488130179558
0.71875 0.517002927664235 11.8387057260914 1.43718976605663
0.75 0.562888466850829 11.8555739597721 1.4994820441989
0.78125 0.610720386821262 11.8739065300694 1.56175813622238
0.8125 0.660498181759323 11.8937642534793 1.62401804212707
0.84375 0.7122213458488 11.9152079306913 1.68626176191298
0.875 0.765889373273481 11.938298346588 1.74848929558011
0.90625 0.821501758217153 11.9630962702451 1.81070064312845
0.9375 0.879057994863605 11.9896624549318 1.87289580455801
0.96875 0.938557577396625 12.0180576381104 1.93507477986879
1 1 12.0483425414365 1.99723756906077
1.03125 1.06338509406833 12.0805778733933 2.05941654437155
1.0625 1.12871403983943 12.114824358271 2.12164407803867
1.09375 1.19598835476196 12.1511427651453 2.18392017006216
1.125 1.26520955628453 12.1895939105123 2.24624482044199
1.15625 1.33637916185579 12.2302386582886 2.30861802917818
1.1875 1.40949868892438 12.2731379198106 2.37103979627072
1.21875 1.48456965493892 12.3183526538354 2.43351012171961
1.25 1.56159357734807 12.3659438665401 2.49602900552486
1.28125 1.64057197360044 12.4159726115221 2.55859644768646
1.3125 1.72150636114468 12.4684999897994 2.62121244820442
1.34375 1.80439825742943 12.5235871498097 2.68387700707873
1.375 1.88924917990332 12.5812952874115 2.74659012430939
1.40625 1.97606064601498 12.6416856458832 2.80935179989641
1.4375 2.06483417321305 12.7048195159238 2.87216203383978
1.46875 2.15557127894618 12.7707582356521 2.9350208261395
1.5 2.24827348066298 12.8395631906077 2.99792817679558
1.53125 2.34294229581211 12.9112958137502 3.06088408580801
1.5625 2.4395792418422 12.9860175854593 3.1238885531768
1.59375 2.53818583620187 13.0637900335354 3.18694157890193
1.625 2.63876359633978 13.1446747331988 3.25004316298343
1.65625 2.74131403970455 13.2287333070903 3.31319330542127
1.6875 2.84583868374482 13.3160274252707 3.37639200621547
1.71875 2.95233904590923 13.4066188052214 3.43963926536602
1.75 3.06081664364641 13.5005692118439 3.50293508287293
1.78125 3.171272994405 13.59794045746 3.56627945873619
1.8125 3.28370961563363 13.6987944018116 3.6296723929558
1.84375 3.39812802478095 13.8031929520612 3.69311388553177
1.875 3.51452973929558 13.9111980627913 3.75660393646409
1.90625 3.63291627662617 14.0228717360049 3.82014254575276
1.9375 3.75328915422134 14.1382760211249 3.88372971339779
1.96875 3.87564988952974 14.2574730149949 3.94736543939917
2 4 14.3805248618784 4.01104972375691
2.03125 4.12633982284293 14.507493744239 4.0746692636395
2.0625 4.25466497431802 14.6384417813127 4.13811075621547
2.09375 4.38496989044695 14.7734309276823 4.20137420148481
2.125 4.51724900725138 14.912522964056 4.26445959944751
2.15625 4.65149676075298 15.0557794972678 4.32736695010359
2.1875 4.78770758697341 15.2032619602772 4.39009625345304
2.21875 4.92587592193435 15.3550316121697 4.45264750949586
2.25 5.06599620165746 15.5111495381561 4.51502071823204
2.28125 5.20806286216441 15.6716766495731 4.5772158796616
2.3125 5.35207033947686 15.8366736838831 4.63923299378453
2.34375 5.4980130696165 16.006201204674 4.70107206060083
2.375 5.64588548860497 16.1803196016596 4.7627330801105
2.40625 5.79568203246396 16.3590890906792 4.82421605231354
2.4375 5.94739713721512 16.5425697136979 4.88552097720994
2.46875 6.10102523888014 16.7308213388064 4.94664785479972
2.5 6.25656077348066 16.923903660221 5.00759668508287
2.53125 6.41399817703837 17.1218761982839 5.06836746805939
2.5625 6.57333188557493 17.3247982994627 5.12896020372928
2.59375 6.73455633511201 17.5327291363511 5.18937489209254
2.625 6.89766596167127 17.7457277076679 5.24961153314917
2.65625 7.06265520127439 17.9638528382581 5.30967012689917
2.6875 7.22951848994303 18.187163179092 5.36955067334254
2.71875 7.39825026369885 18.4157172072658 5.42925317247928
2.75 7.56884495856354 18.6495732260014 5.48877762430939
2.78125 7.74129701055875 18.8887893646462 5.54812402883288
2.8125 7.91560085570615 19.1334235786733 5.60729238604973
2.84375 8.09175093002741 19.3835336496817 5.66628269595995
2.875 8.2697416695442 19.6391771853958 5.72509495856354
2.90625 8.44956751027819 19.9004116196659 5.7837291738605
2.9375 8.63122288825104 20.1672942124678 5.84218534185083
2.96875 8.81470223948442 20.439882049903 5.90046346253453
3 9 20.7182320441989 5.95856353591161
3.03125 9.18711498955995 21.0024009679562 6.01690640107044
3.0625 9.37606356288847 21.2924458308773 6.07591289709945
3.09375 9.56686645845023 21.5884242564934 6.13558302399862
3.125 9.75954441470994 21.8903945164127 6.19591678176796
3.15625 9.9541181701323 22.1984155303207 6.25691417040746
3.1875 10.150608463182 22.5125468659796 6.31857518991713
3.21875 10.3490360323237 22.8328487392289 6.38089984029696
3.25 10.5494216160221 23.1593820139848 6.44388812154696
3.28125 10.7517859527419 23.4922082022409 6.50754003366713
3.3125 10.9561497809479 23.8313894640675 6.57185557665746
3.34375 11.1625338391046 24.1769886076121 6.63683475051795
3.375 11.3709588656768 24.5290690890992 6.70247755524862
3.40625 11.5814455991292 24.8876950128302 6.76878399084945
3.4375 11.7940147779264 25.2529311311838 6.83575405732044
3.46875 12.0086871405333 25.6248428446153 6.9033877546616
3.5 12.2254834254144 26.0034962016575 6.97168508287293
3.53125 12.4444243710344 26.3889578989197 7.04064604195442
3.5625 12.6655307158581 26.7812952810888 7.11027063190607
3.59375 12.8888231983501 27.1805763409283 7.1805588527279
3.625 13.1143225569751 27.5868697192787 7.25151070441989
3.65625 13.3420495301979 28.0002447050579 7.32312618698204
3.6875 13.5720248564831 28.4207712352605 7.39540530041436
3.71875 13.8042692742954 28.8485198949582 7.46834804471685
3.75 14.0388035220994 29.2835619172997 7.5419544198895
3.78125 14.27564833836 29.7259691835108 7.61622442593232
3.8125 14.5148244615418 30.1758142228943 7.6911580628453
3.84375 14.7563526301094 30.63317021283 7.76675533062845
3.875 15.0002535825276 31.0981109787746 7.84301622928176
3.90625 15.2465480572611 31.5707109942621 7.91994075880524
3.9375 15.4952567927745 32.0510453809032 7.99752891919889
3.96875 15.7464005275326 32.5391899083859 8.0757807104627
4 16 33.0352209944751 8.15469613259668
4.03125 16.2560595939173 33.5392155772415 8.23270513207873
4.0625 16.5145182741281 34.0512497095772 8.30823765538674
4.09375 16.7752986507521 34.5713971537121 8.38129370252072
4.125 17.0383233339088 35.0997292534422 8.45187327348066
4.15625 17.3035149337178 35.6363149341299 8.51997636826657
4.1875 17.5707960602987 36.1812207027035 8.58560298687845
4.21875 17.8400893237709 36.7345106476578 8.6487531293163
4.25 18.1113173342541 37.2962464390539 8.70942679558011
4.28125 18.3844027018679 37.8664873285188 8.76762398566989
4.3125 18.6592680367317 38.4452901492461 8.82334469958563
4.34375 18.9358359489652 39.0327093159955 8.87658893732735
4.375 19.2140290486878 39.6287968250928 8.92735669889503
4.40625 19.4937699460193 40.2336022544302 8.97564798428867
4.4375 19.7749812510791 40.8471727634662 9.02146279350829
4.46875 20.0575855739867 41.4695530932253 9.06480112655387
4.5 20.3415055248619 42.1007855662983 9.10566298342541
4.53125 20.626663713824 42.7409100868425 9.14404836412293
4.5625 20.9129827509927 43.3899641405812 9.17995726864641
4.59375 21.2003852464876 44.0479827948038 9.21338969699585
4.625 21.4887938104282 44.7149986983663 9.24434564917127
4.65625 21.778131052934 45.3910420816906 9.27282512517265
4.6875 22.0683195841247 46.0761407567651 9.298828125
4.71875 22.3592820141197 46.7703201171443 9.32235464865331
4.75 22.6509409530387 47.4736031379489 9.34340469613259
4.78125 22.9432190110012 48.1860103758659 9.36197826743784
4.8125 23.2360387981267 48.9075599691486 9.37807536256906
4.84375 23.5293229245349 49.6382676376164 9.39169598152624
4.875 23.8229940003453 50.3781466826549 9.40284012430939
4.90625 24.1169746356774 51.1272079872163 9.4115077909185
4.9375 24.4111874406509 51.8854600158186 9.41769898135359
4.96875 24.7055550253852 52.6529088145462 9.42141369561464
5 25 53.4295580110497 9.42265193370165
