0 0
0.4 0.389418342308651
0.8 0.717356090899523
1.2 0.932039085967226
1.6 0.999573603041505
2 0.909297426825682
2.4 0.675463180551151
2.8 0.334988150155905
3.2 -0.0583741434275801
3.6 -0.442520443294852
4 -0.756802495307928
4.4 -0.951602073889516
4.8 -0.996164608835841
5.2 -0.883454655720153
5.6 -0.631266637872322
6 -0.279415498198926
6.4 0.116549204850494


0 0 -1
0.015625 0.0152116539964317 -0.999881158953153
0.03125 0.0304233079928633 -0.999524635812612
0.046875 0.045634961989295 -0.998930430578376
0.0625 0.0608466159857266 -0.998098543250446
0.078125 0.0760582699821583 -0.997028973828822
0.09375 0.09126992397859 -0.995721722313504
0.109375 0.106481577975022 -0.994176788704491
0.125 0.121693231971453 -0.992394173001784
0.140625 0.136904885967885 -0.990373875205383
0.15625 0.152116539964317 -0.988115895315288
0.171875 0.167328193960748 -0.985620233331498
0.1875 0.18253984795718 -0.982886889254014
0.203125 0.197751501953612 -0.979915863082836
0.21875 0.212963155950043 -0.976707154817964
0.234375 0.228174809946475 -0.973260764459397
0.25 0.243386463942907 -0.969576692007137
0.265625 0.258598117939338 -0.965654937461182
0.28125 0.27380977193577 -0.961495500821532
0.296875 0.289021425932202 -0.957098382088189
0.3125 0.304233079928633 -0.952463581261151
0.328125 0.319444733925065 -0.947591098340419
0.34375 0.334656387921496 -0.942480933325993
0.359375 0.349868041917928 -0.937133086217872
0.375 0.36507969591436 -0.931547557016058
0.390625 0.380291349910791 -0.925724345720549
0.40625 0.394542369630383 -0.91966645431346
0.421875 0.407352437934714 -0.913401651129358
0.4375 0.420162506239045 -0.906936690628001
0.453125 0.432972574543376 -0.900271572809388
0.46875 0.445782642847707 -0.89340629767352
0.484375 0.458592711152038 -0.886340865220397
0.5 0.471402779456369 -0.879075275450019
0.515625 0.4842128477607 -0.871609528362386
0.53125 0.49702291606503 -0.863943623957497
0.546875 0.509832984369361 -0.856077562235353
0.5625 0.522643052673692 -0.848011343195955
0.578125 0.535453120978023 -0.8397449668393
0.59375 0.548263189282354 -0.831278433165391
0.609375 0.561073257586685 -0.822611742174227
0.625 0.573883325891016 -0.813744893865807
0.640625 0.586693394195347 -0.804677888240133
0.65625 0.599503462499678 -0.795410725297203
0.671875 0.612313530804009 -0.785943405037018
0.6875 0.62512359910834 -0.776275927459578
0.703125 0.637933667412671 -0.766408292564882
0.71875 0.650743735717002 -0.756340500352932
0.734375 0.663553804021333 -0.746072550823726
0.75 0.676363872325664 -0.735604443977265
0.765625 0.689173940629995 -0.724936179813549
0.78125 0.701984008934326 -0.714067758332578
0.796875 0.714794077238657 -0.702999179534351
0.8125 0.724064934495389 -0.691752563487917
0.828125 0.732450988990221 -0.680373532835686
0.84375 0.740837043485053 -0.668863470081973
0.859375 0.749223097979885 -0.657222375226778
0.875 0.757609152474717 -0.645450248270101
0.890625 0.765995206969549 -0.633547089211943
0.90625 0.774381261464382 -0.621512898052303
0.921875 0.782767315959214 -0.609347674791181
0.9375 0.791153370454046 -0.597051419428577
0.953125 0.799539424948878 -0.584624131964492
0.96875 0.80792547944371 -0.572065812398925
0.984375 0.816311533938542 -0.559376460731876
1 0.824697588433375 -0.546556076963346
1.015625 0.833083642928207 -0.533604661093333
1.03125 0.841469697423039 -0.520522213121839
1.046875 0.849855751917871 -0.507308733048863
1.0625 0.858241806412703 -0.493964220874406
1.078125 0.866627860907535 -0.480488676598466
1.09375 0.875013915402368 -0.466882100221045
1.109375 0.8833999698972 -0.453144491742142
1.125 0.891786024392032 -0.439275851161757
1.140625 0.900172078886864 -0.425276178479891
1.15625 0.908558133381696 -0.411145473696543
1.171875 0.916944187876528 -0.396883736811713
1.1875 0.925330242371361 -0.382490967825402
1.203125 0.932566699381869 -0.367968962983677
1.21875 0.935204766455083 -0.353376998406826
1.234375 0.937842833528297 -0.338743814031956
1.25 0.940480900601511 -0.324069409859067
1.265625 0.943118967674725 -0.309353785888159
1.28125 0.945757034747939 -0.294596942119232
1.296875 0.948395101821153 -0.279798878552286
1.3125 0.951033168894367 -0.264959595187321
1.328125 0.953671235967581 -0.250079092024337
1.34375 0.956309303040795 -0.235157369063334
1.359375 0.958947370114009 -0.220194426304312
1.375 0.961585437187223 -0.205190263747271
1.390625 0.964223504260437 -0.190144881392211
1.40625 0.966861571333651 -0.175058279239132
1.421875 0.969499638406865 -0.159930457288035
1.4375 0.972137705480079 -0.144761415538918
1.453125 0.974775772553293 -0.129551153991782
1.46875 0.977413839626507 -0.114299672646627
1.484375 0.980051906699721 -0.0990069715034538
1.5 0.982689973772935 -0.0836730505622612
1.515625 0.985328040846149 -0.0682979098230494
1.53125 0.987966107919363 -0.052881549285819
1.546875 0.990604174992577 -0.0374239689505693
1.5625 0.993242242065791 -0.021925168817301
1.578125 0.995880309139005 -0.00638514888601338
1.59375 0.99851837621222 0.00919609084329309
1.609375 0.997457755161447 0.0248012127700374
1.625 0.993931342028016 0.0403589400918298
1.640625 0.990404928894586 0.0558615672084128
1.65625 0.986878515761155 0.0713090941197858
1.671875 0.983352102627724 0.086701520825949
1.6875 0.979825689494294 0.102038847326902
1.703125 0.976299276360863 0.117321073622646
1.71875 0.972772863227433 0.132548199713179
1.734375 0.969246450094002 0.147720225598503
1.75 0.965720036960571 0.162837151278617
1.765625 0.962193623827141 0.177898976753521
1.78125 0.95866721069371 0.192905702023215
1.796875 0.95514079756028 0.207857327087699
1.8125 0.951614384426849 0.222753851946974
1.828125 0.948087971293418 0.237595276601038
1.84375 0.944561558159988 0.252381601049893
1.859375 0.941035145026557 0.267112825293538
1.875 0.937508731893127 0.281788949331973
1.890625 0.933982318759696 0.296409973165198
1.90625 0.930455905626265 0.310975896793213
1.921875 0.926929492492835 0.325486720216019
1.9375 0.923403079359404 0.339942443433614
1.953125 0.919876666225974 0.354343066446
1.96875 0.916350253092543 0.368688589253176
1.984375 0.912823839959112 0.382979011855142
2 0.909297426825682 0.397214334251898
2.015625 0.900163276580583 0.411350745997259
2.03125 0.891029126335484 0.425344436645041
2.046875 0.881894976090385 0.439195406195244
2.0625 0.872760825845286 0.452903654647866
2.078125 0.863626675600187 0.466469182002909
2.09375 0.854492525355089 0.479891988260372
2.109375 0.84535837510999 0.493172073420255
2.125 0.836224224864891 0.506309437482559
2.140625 0.827090074619792 0.519304080447283
2.15625 0.817955924374693 0.532156002314428
2.171875 0.808821774129594 0.544865203083992
2.1875 0.799687623884495 0.557431682755978
2.203125 0.790553473639397 0.569855441330383
2.21875 0.781419323394298 0.582136478807209
2.234375 0.772285173149199 0.594274795186454
2.25 0.7631510229041 0.606270390468121
2.265625 0.754016872659001 0.618123264652208
2.28125 0.744882722413902 0.629833417738715
2.296875 0.735748572168803 0.641400849727642
2.3125 0.726614421923705 0.65282556061899
2.328125 0.717480271678606 0.664107550412758
2.34375 0.708346121433507 0.675246819108946
2.359375 0.699211971188408 0.686243366707554
2.375 0.690077820943309 0.697097193208584
2.390625 0.68094367069821 0.707808298612033
2.40625 0.670143258201225 0.718371475848365
2.421875 0.656843452326411 0.728738559524363
2.4375 0.643543646451597 0.738897833733566
2.453125 0.630243840576782 0.748849298475976
2.46875 0.616944034701968 0.758592953751591
2.484375 0.603644228827154 0.768128799560412
2.5 0.590344422952339 0.77745683590244
2.515625 0.577044617077525 0.786577062777672
2.53125 0.563744811202711 0.795489480186111
2.546875 0.550445005327897 0.804194088127757
2.5625 0.537145199453082 0.812690886602608
2.578125 0.523845393578268 0.820979875610666
2.59375 0.510545587703454 0.82906105515193
2.609375 0.497245781828639 0.836934425226399
2.625 0.483945975953825 0.844599985834075
2.640625 0.470646170079011 0.852057736974955
2.65625 0.457346364204196 0.859307678649044
2.671875 0.444046558329382 0.866349810856337
2.6875 0.430746752454568 0.873184133596837
2.703125 0.417446946579754 0.879810646870542
2.71875 0.404147140704939 0.886229350677454
2.734375 0.390847334830125 0.892440245017571
2.75 0.377547528955311 0.898443329890896
2.765625 0.364247723080496 0.904238605297426
2.78125 0.350947917205682 0.909826071237161
2.796875 0.337648111330868 0.915205727710102
2.8125 0.322695578481421 0.920367245172659
2.828125 0.307329863888316 0.925289318941173
2.84375 0.291964149295211 0.929971303419169
2.859375 0.276598434702106 0.934413198606648
2.875 0.261232720109002 0.93861500450361
2.890625 0.245867005515897 0.942576721110055
2.90625 0.230501290922792 0.946298348425982
2.921875 0.215135576329687 0.949779886451393
2.9375 0.199769861736582 0.953021335186285
2.953125 0.184404147143477 0.95602269463066
2.96875 0.169038432550372 0.958783964784519
2.984375 0.153672717957267 0.961305145647859
3 0.138307003364163 0.963586237220683
3.015625 0.122941288771058 0.96562723950299
3.03125 0.107575574177953 0.967428152494778
3.046875 0.0922098595848479 0.968988976196051
3.0625 0.076844144991743 0.970309710606805
3.078125 0.0614784303986382 0.971390355727041
3.09375 0.0461127158055332 0.972230911556762
3.109375 0.0307470012124283 0.972831378095965
3.125 0.0153812866193235 0.973191755344652
3.140625 1.55720262186021E-05 0.973312043302818
3.15625 -0.0153501425668863 0.973192241970469
3.171875 -0.0307158571599911 0.972832351347604
3.1875 -0.046081571753096 0.97223237143422
3.203125 -0.061375286395293 0.97139241473024
3.21875 -0.0763810012338583 0.970316193733139
3.234375 -0.0913867160724236 0.969005508441685
3.25 -0.106392430910989 0.967460358855875
3.265625 -0.121398145749554 0.965680744975715
3.28125 -0.13640386058812 0.963666666801201
3.296875 -0.151409575426685 0.961418124332336
3.3125 -0.16641529026525 0.958935117569119
3.328125 -0.181421005103816 0.956217646511546
3.34375 -0.196426719942381 0.953265711159624
3.359375 -0.211432434780946 0.950079311513347
3.375 -0.226438149619512 0.946658447572719
3.390625 -0.241443864458077 0.943003119337739
3.40625 -0.256449579296642 0.939113326808404
3.421875 -0.271455294135208 0.934989069984719
3.4375 -0.286461008973773 0.930630348866678
3.453125 -0.301466723812338 0.926037163454288
3.46875 -0.316472438650904 0.921209513747544
3.484375 -0.331478153489469 0.916147399746446
3.5 -0.346483868328034 0.910850821450998
3.515625 -0.3614895831666 0.905319778861195
3.53125 -0.376495298005165 0.899554271977041
3.546875 -0.39150101284373 0.893554300798535
3.5625 -0.406506727682296 0.887319865325674
3.578125 -0.421512442520861 0.880850965558463
3.59375 -0.436518157359426 0.874147601496897
3.609375 -0.449886428888909 0.867217448656492
3.625 -0.46216307154567 0.860092061934347
3.640625 -0.47443971420243 0.85277485267069
3.65625 -0.486716356859191 0.845265820865521
3.671875 -0.498992999515952 0.83756496651884
3.6875 -0.511269642172713 0.829672289630648
3.703125 -0.523546284829474 0.821587790200943
3.71875 -0.535822927486234 0.813311468229726
3.734375 -0.548099570142995 0.804843323716997
3.75 -0.560376212799756 0.796183356662757
3.765625 -0.572652855456517 0.787331567067005
3.78125 -0.584929498113277 0.778287954929742
3.796875 -0.597206140770038 0.769052520250966
3.8125 -0.609482783426799 0.759625263030677
3.828125 -0.62175942608356 0.750006183268878
3.84375 -0.63403606874032 0.740195280965566
3.859375 -0.646312711397081 0.730192556120743
3.875 -0.658589354053842 0.719998008734408
3.890625 -0.670865996710603 0.70961163880656
3.90625 -0.683142639367364 0.699033446337201
3.921875 -0.695419282024124 0.68826343132633
3.9375 -0.707695924680885 0.677301593773948
3.953125 -0.719972567337646 0.666147933680053
3.96875 -0.732249209994407 0.654802451044646
3.984375 -0.744525852651167 0.643265145867727
4 -0.756802495307928 0.631536018149297
4.015625 -0.764411853846271 0.61965153104653
4.03125 -0.772021212384615 0.607648147716601
4.046875 -0.779630570922958 0.595525868159511
4.0625 -0.787239929461301 0.583284692375259
4.078125 -0.794849287999644 0.570924620363845
4.09375 -0.802458646537988 0.55844565212527
4.109375 -0.810068005076331 0.545847787659533
4.125 -0.817677363614674 0.533131026966635
4.140625 -0.825286722153018 0.520295370046574
4.15625 -0.832896080691361 0.507340816899353
4.171875 -0.840505439229704 0.49426736752497
4.1875 -0.848114797768047 0.481075021923424
4.203125 -0.855724156306391 0.467763780094718
4.21875 -0.863333514844734 0.45433364203885
4.234375 -0.870942873383077 0.44078460775582
4.25 -0.878552231921421 0.427116677245629
4.265625 -0.886161590459764 0.413329850508275
4.28125 -0.893770948998107 0.399424127543761
4.296875 -0.90138030753645 0.385399508352085
4.3125 -0.908989666074794 0.371255992933247
4.328125 -0.916599024613137 0.356993581287248
4.34375 -0.92420838315148 0.342612273414086
4.359375 -0.931817741689823 0.328112069313763
4.375 -0.939427100228167 0.31349296898628
4.390625 -0.94703645876651 0.298754972431633
4.40625 -0.952298363498052 0.283905415442972
4.421875 -0.954039087519393 0.269012154106898
4.4375 -0.955779811540734 0.25409169395799
4.453125 -0.957520535562075 0.23914403499625
4.46875 -0.959261259583416 0.224169177221676
4.484375 -0.961001983604756 0.209167120634268
4.5 -0.962742707626097 0.194137865234027
4.515625 -0.964483431647438 0.179081411020953
4.53125 -0.966224155668779 0.163997757995045
4.546875 -0.96796487969012 0.148886906156303
4.5625 -0.96970560371146 0.133748855504729
4.578125 -0.971446327732801 0.11858360604032
4.59375 -0.973187051754142 0.103391157763079
4.609375 -0.974927775775483 0.0881715106730028
4.625 -0.976668499796824 0.0729246647700947
4.640625 -0.978409223818164 0.0576506200543523
4.65625 -0.980149947839505 0.0423493765257767
4.671875 -0.981890671860846 0.0270209341843677
4.6875 -0.983631395882187 0.0116652930301255
4.703125 -0.985372119903528 -0.00371754693695059
4.71875 -0.987112843924869 -0.0191275857168598
4.734375 -0.988853567946209 -0.0345648233096021
4.75 -0.99059429196755 -0.0500292597151788
4.765625 -0.992335015988891 -0.0655208949335886
4.78125 -0.994075740010232 -0.0810397289648319
4.796875 -0.995816464031573 -0.0965857618089079
4.8125 -0.992642422800975 -0.112128276182994
4.828125 -0.988239690257394 -0.127603917691263
4.84375 -0.983836957713812 -0.143010766503537
4.859375 -0.979434225170231 -0.158348822619818
4.875 -0.975031492626649 -0.173618086040107
4.890625 -0.970628760083068 -0.1888185567644
4.90625 -0.966226027539486 -0.203950234792704
4.921875 -0.961823294995905 -0.21901312012501
4.9375 -0.957420562452323 -0.234007212761324
4.953125 -0.953017829908742 -0.248932512701645
4.96875 -0.94861509736516 -0.263789019945972
4.984375 -0.944212364821578 -0.278576734494307
5 -0.939809632277997 -0.293295656346648
5.015625 -0.935406899734415 -0.307945785502995
5.03125 -0.931004167190834 -0.322527121963348
5.046875 -0.926601434647252 -0.337039665727707
5.0625 -0.922198702103671 -0.351483416796076
5.078125 -0.917795969560089 -0.365858375168447
5.09375 -0.913393237016508 -0.380164540844828
5.109375 -0.908990504472926 -0.394401913825214
5.125 -0.904587771929345 -0.408570494109605
5.140625 -0.900185039385763 -0.422670281698006
5.15625 -0.895782306842182 -0.436701276590411
5.171875 -0.8913795742986 -0.450663478786823
5.1875 -0.886976841755018 -0.464556888287242
5.203125 -0.881484436830717 -0.478379802478575
5.21875 -0.871633342383536 -0.492076035128684
5.234375 -0.861782247936355 -0.505618344428058
5.25 -0.851931153489174 -0.519006730376696
5.265625 -0.842080059041993 -0.532241192974596
5.28125 -0.832228964594812 -0.545321732221759
5.296875 -0.822377870147631 -0.558248348118183
5.3125 -0.812526775700451 -0.571021040663873
5.328125 -0.80267568125327 -0.583639809858824
5.34375 -0.792824586806089 -0.596104655703038
5.359375 -0.782973492358908 -0.608415578196514
5.375 -0.773122397911727 -0.62057257733925
5.390625 -0.763271303464546 -0.632575653131256
5.40625 -0.753420209017365 -0.64442480557252
5.421875 -0.743569114570184 -0.656120034663048
5.4375 -0.733718020123003 -0.667661340402838
5.453125 -0.723866925675822 -0.679048722791891
5.46875 -0.714015831228641 -0.690282181830207
5.484375 -0.70416473678146 -0.701361717517785
5.5 -0.694313642334279 -0.712287329854628
5.515625 -0.684462547887098 -0.723059018840733
5.53125 -0.674611453439917 -0.7336767844761
5.546875 -0.664760358992737 -0.744140626760729
5.5625 -0.654909264545556 -0.754450545694621
5.578125 -0.645058170098375 -0.764606541277779
5.59375 -0.635207075651194 -0.774608613510197
5.609375 -0.623020126786226 -0.784445813074293
5.625 -0.609275941642734 -0.794073126108892
5.640625 -0.595531756499242 -0.803485686250629
5.65625 -0.58178757135575 -0.812683493499496
5.671875 -0.568043386212258 -0.821666547855497
5.6875 -0.554299201068766 -0.830434849318629
5.703125 -0.540555015925274 -0.838988397888891
5.71875 -0.526810830781782 -0.847327193566294
5.734375 -0.51306664563829 -0.855451236350824
5.75 -0.499322460494798 -0.863360526242489
5.765625 -0.485578275351306 -0.87105506324129
5.78125 -0.471834090207814 -0.878534847347219
5.796875 -0.458089905064322 -0.885799878560282
5.8125 -0.44434571992083 -0.892850156880478
5.828125 -0.430601534777338 -0.899685682307805
5.84375 -0.416857349633846 -0.906306454842274
5.859375 -0.403113164490354 -0.912712474483869
5.875 -0.389368979346862 -0.918903741232594
5.890625 -0.37562479420337 -0.924880255088454
5.90625 -0.361880609059878 -0.930642016051448
5.921875 -0.348136423916386 -0.936189024121579
5.9375 -0.334392238772894 -0.941521279298837
5.953125 -0.320648053629402 -0.946638781583229
5.96875 -0.30690386848591 -0.951541530974755
5.984375 -0.293159683342418 -0.956229527473412
6 -0.279415498198926 -0.960702771079202
6.015625 -0.263948126986058 -0.964947799400961
6.03125 -0.24848075577319 -0.968951150047517
6.046875 -0.233013384560322 -0.972712823018871
6.0625 -0.217546013347454 -0.97623281831503
6.078125 -0.202078642134586 -0.979511135935984
6.09375 -0.186611270921718 -0.982547775881735
6.109375 -0.17114389970885 -0.985342738152284
6.125 -0.155676528495982 -0.987896022747635
6.140625 -0.140209157283114 -0.990207629667787
6.15625 -0.124741786070246 -0.992277558912733
6.171875 -0.109274414857379 -0.994105810482481
6.1875 -0.0938070436445106 -0.995692384377027
6.203125 -0.0783396724316427 -0.997037280596371
6.21875 -0.0628723012187748 -0.998140499140512
6.234375 -0.0474049300059068 -0.999002040009459
6.25 -0.0319375587930389 -0.999621903203199
6.265625 -0.0164701875801709 -1.00000008872174
6.28125 -0.00100281636730304 -1.00013659656508
6.296875 0.0144645548455649 -1.00003142673322
6.3125 0.0299319260584329 -0.999684579226156
6.328125 0.0453992972713008 -0.999096054043893
6.34375 0.0608666684841687 -0.998265851186429
6.359375 0.0763340396970367 -0.997193970653762
6.375 0.0918014109099046 -0.995880412445896
6.390625 0.107268782122773 -0.994325176562825
