-3 -0.999977878183746
-2.9375 -0.999967336194562
-2.875 -0.999952120498609
-2.8125 -1.00004646045585
-2.75 -0.999899364192553
-2.6875 -0.999855704317796
-2.625 -0.999795067547313
-2.5625 -0.99971000446082
-2.5 -0.999593012962763
-2.4375 -0.999433266639028
-2.375 -0.999217092638692
-2.3125 -0.998925963953575
-2.25 -0.998537325937439
-2.1875 -0.99802255528371
-2.125 -0.997345627682511
-2.0625 -0.996463482436089
-2 -0.995322065658113
-1.9375 -0.993856668675555
-1.875 -0.991989972857186
-1.8125 -0.989630584522385
-1.75 -0.986671664087289
-1.6875 -0.982989734678236
-1.625 -0.978443822646411
-1.5625 -0.972874521374099
-1.5 -0.966105079429904
-1.4375 -0.957940558309171
-1.375 -0.948170039191811
-1.3125 -0.93656163970565
-1.25 -0.922900111526323
-1.1875 -0.906921707564064
-1.125 -0.888388222381254
-1.0625 -0.867058261957919
-1 -0.842700786678431
-0.9375 -0.815102395618569
-0.875 -0.784075056331063
-0.8125 -0.749463541957456
-0.75 -0.711155227451777
-0.6875 -0.669084326312217
-0.625 -0.623240609726938
-0.5625 -0.573674642332133
-0.5 -0.520499936920214
-0.4375 -0.463898121629908
-0.375 -0.404116865187404
-0.3125 -0.341468587848359
-0.25 -0.276326357379288
-0.1875 -0.209117659856709
-0.125 -0.140316198944738
-0.0625 -0.07043176914773
0 0
0.0625 0.07043176914773
0.125 0.140316198944738
0.1875 0.209117659856709
0.25 0.276326357379288
0.3125 0.341468587848359
0.375 0.404116865187404
0.4375 0.463898121629908
0.5 0.520499936920214
0.5625 0.573674642332133
0.625 0.623240609726938
0.6875 0.669084326312217
0.75 0.711155227451777
0.8125 0.749463541957457
0.875 0.784075056331063
0.9375 0.815102395618569
1 0.842700786678431
1.0625 0.867058261957919
1.125 0.888388222381254
1.1875 0.906921707564064
1.25 0.922900111526323
1.3125 0.93656163970565
1.375 0.948170039191811
1.4375 0.957940558309172
1.5 0.966105079429903
1.5625 0.972874521374099
1.625 0.978443822646411
1.6875 0.982989734678236
1.75 0.986671664087289
1.8125 0.989630584522385
1.875 0.991989972857186
1.9375 0.993856668675555
2 0.995322065658113
2.0625 0.996463482436089
2.125 0.997345627682511
2.1875 0.99802255528371
2.25 0.998537325937439
2.3125 0.998925963953575
2.375 0.999217092638692
2.4375 0.999433266639028
2.5 0.999593012962763
2.5625 0.999710004460821
2.625 0.999795067547313
2.6875 0.999855704317796
2.75 0.999899364192553
2.8125 1.00004646045585
2.875 0.999952120498609
2.9375 0.999967336194562
3 0.999977878183746
