-5 1
-4 1
-3 1
-2 1
-1 1
0 1
1 1
2 1
3 1
4 1
5 1


-5 1 -4 0
-4.96875 1 -3.96875 0
-4.9375 1 -3.9375 0
-4.90625 1 -3.90625 0
-4.875 1 -3.875 0
-4.84375 1 -3.84375 0
-4.8125 1 -3.8125 0
-4.78125 1 -3.78125 0
-4.75 1 -3.75 0
-4.71875 1 -3.71875 0
-4.6875 1 -3.6875 0
-4.65625 1 -3.65625 0
-4.625 1 -3.625 0
-4.59375 1 -3.59375 0
-4.5625 1 -3.5625 0
-4.53125 1 -3.53125 0
-4.5 1 -3.5 0
-4.46875 1 -3.46875 0
-4.4375 1 -3.4375 0
-4.40625 1 -3.40625 0
-4.375 1 -3.375 0
-4.34375 1 -3.34375 0
-4.3125 1 -3.3125 0
-4.28125 1 -3.28125 0
-4.25 1 -3.25 0
-4.21875 1 -3.21875 0
-4.1875 1 -3.1875 0
-4.15625 1 -3.15625 0
-4.125 1 -3.125 0
-4.09375 1 -3.09375 0
-4.0625 1 -3.0625 0
-4.03125 1 -3.03125 0
-4 1 -3 0
-3.96875 1 -2.96875 0
-3.9375 1 -2.9375 0
-3.90625 1 -2.90625 0
-3.875 1 -2.875 0
-3.84375 1 -2.84375 0
-3.8125 1 -2.8125 0
-3.78125 1 -2.78125 0
-3.75 1 -2.75 0
-3.71875 1 -2.71875 0
-3.6875 1 -2.6875 0
-3.65625 1 -2.65625 0
-3.625 1 -2.625 0
-3.59375 1 -2.59375 0
-3.5625 1 -2.5625 0
-3.53125 1 -2.53125 0
-3.5 1 -2.5 0
-3.46875 1 -2.46875 0
-3.4375 1 -2.4375 0
-3.40625 1 -2.40625 0
-3.375 1 -2.375 0
-3.34375 1 -2.34375 0
-3.3125 1 -2.3125 0
-3.28125 1 -2.28125 0
-3.25 1 -2.25 0
-3.21875 1 -2.21875 0
-3.1875 1 -2.1875 0
-3.15625 1 -2.15625 0
-3.125 1 -2.125 0
-3.09375 1 -2.09375 0
-3.0625 1 -2.0625 0
-3.03125 1 -2.03125 0
-3 1 -2 0
-2.96875 1 -1.96875 0
-2.9375 1 -1.9375 0
-2.90625 1 -1.90625 0
-2.875 1 -1.875 0
-2.84375 1 -1.84375 0
-2.8125 1 -1.8125 0
-2.78125 1 -1.78125 0
-2.75 1 -1.75 0
-2.71875 1 -1.71875 0
-2.6875 1 -1.6875 0
-2.65625 1 -1.65625 0
-2.625 1 -1.625 0
-2.59375 1 -1.59375 0
-2.5625 1 -1.5625 0
-2.53125 1 -1.53125 0
-2.5 1 -1.5 0
-2.46875 1 -1.46875 0
-2.4375 1 -1.4375 0
-2.40625 1 -1.40625 0
-2.375 1 -1.375 0
-2.34375 1 -1.34375 0
-2.3125 1 -1.3125 0
-2.28125 1 -1.28125 0
-2.25 1 -1.25 0
-2.21875 1 -1.21875 0
-2.1875 1 -1.1875 0
-2.15625 1 -1.15625 0
-2.125 1 -1.125 0
-2.09375 1 -1.09375 0
-2.0625 1 -1.0625 0
-2.03125 1 -1.03125 0
-2 1 -1 0
-1.96875 1 -0.96875 0
-1.9375 1 -0.9375 0
-1.90625 1 -0.90625 0
-1.875 1 -0.875 0
-1.84375 1 -0.84375 0
-1.8125 1 -0.8125 0
-1.78125 1 -0.78125 0
-1.75 1 -0.75 0
-1.71875 1 -0.71875 0
-1.6875 1 -0.6875 0
-1.65625 1 -0.65625 0
-1.625 1 -0.625 0
-1.59375 1 -0.59375 0
-1.5625 1 -0.5625 0
-1.53125 1 -0.53125 0
-1.5 1 -0.5 0
-1.46875 1 -0.46875 0
-1.4375 1 -0.4375 0
-1.40625 1 -0.40625 0
-1.375 1 -0.375 0
-1.34375 1 -0.34375 0
-1.3125 1 -0.3125 0
-1.28125 1 -0.28125 0
-1.25 1 -0.25 0
-1.21875 1 -0.21875 0
-1.1875 1 -0.1875 0
-1.15625 1 -0.15625 0
-1.125 1 -0.125 0
-1.09375 1 -0.09375 0
-1.0625 1 -0.0625 0
-1.03125 1 -0.03125 0
-1 1 0 0
-0.96875 1 0.03125 0
-0.9375 1 0.0625 0
-0.90625 1 0.09375 0
-0.875 1 0.125 0
-0.84375 1 0.15625 0
-0.8125 1 0.1875 0
-0.78125 1 0.21875 0
-0.75 1 0.25 0
-0.71875 1 0.28125 0
-0.6875 1 0.3125 0
-0.65625 1 0.34375 0
-0.625 1 0.375 0
-0.59375 1 0.40625 0
-0.5625 1 0.4375 0
-0.53125 1 0.46875 0
-0.5 1 0.5 0
-0.46875 1 0.53125 0
-0.4375 1 0.5625 0
-0.40625 1 0.59375 0
-0.375 1 0.625 0
-0.34375 1 0.65625 0
-0.3125 1 0.6875 0
-0.28125 1 0.71875 0
-0.25 1 0.75 0
-0.21875 1 0.78125 0
-0.1875 1 0.8125 0
-0.15625 1 0.84375 0
-0.125 1 0.875 0
-0.09375 1 0.90625 0
-0.0625 1 0.9375 0
-0.03125 1 0.96875 0
0 1 1 0
0.03125 1 1.03125 0
0.0625 1 1.0625 0
0.09375 1 1.09375 0
0.125 1 1.125 0
0.15625 1 1.15625 0
0.1875 1 1.1875 0
0.21875 1 1.21875 0
0.25 1 1.25 0
0.28125 1 1.28125 0
0.3125 1 1.3125 0
0.34375 1 1.34375 0
0.375 1 1.375 0
0.40625 1 1.40625 0
0.4375 1 1.4375 0
0.46875 1 1.46875 0
0.5 1 1.5 0
0.53125 1 1.53125 0
0.5625 1 1.5625 0
0.59375 1 1.59375 0
0.625 1 1.625 0
0.65625 1 1.65625 0
0.6875 1 1.6875 0
0.71875 1 1.71875 0
0.75 1 1.75 0
0.78125 1 1.78125 0
0.8125 1 1.8125 0
0.84375 1 1.84375 0
0.875 1 1.875 0
0.90625 1 1.90625 0
0.9375 1 1.9375 0
0.96875 1 1.96875 0
1 1 2 0
1.03125 1 2.03125 0
1.0625 1 2.0625 0
1.09375 1 2.09375 0
1.125 1 2.125 0
1.15625 1 2.15625 0
1.1875 1 2.1875 0
1.21875 1 2.21875 0
1.25 1 2.25 0
1.28125 1 2.28125 0
1.3125 1 2.3125 0
1.34375 1 2.34375 0
1.375 1 2.375 0
1.40625 1 2.40625 0
1.4375 1 2.4375 0
1.46875 1 2.46875 0
1.5 1 2.5 0
1.53125 1 2.53125 0
1.5625 1 2.5625 0
1.59375 1 2.59375 0
1.625 1 2.625 0
1.65625 1 2.65625 0
1.6875 1 2.6875 0
1.71875 1 2.71875 0
1.75 1 2.75 0
1.78125 1 2.78125 0
1.8125 1 2.8125 0
1.84375 1 2.84375 0
1.875 1 2.875 0
1.90625 1 2.90625 0
1.9375 1 2.9375 0
1.96875 1 2.96875 0
2 1 3 0
2.03125 1 3.03125 0
2.0625 1 3.0625 0
2.09375 1 3.09375 0
2.125 1 3.125 0
2.15625 1 3.15625 0
2.1875 1 3.1875 0
2.21875 1 3.21875 0
2.25 1 3.25 0
2.28125 1 3.28125 0
2.3125 1 3.3125 0
2.34375 1 3.34375 0
2.375 1 3.375 0
2.40625 1 3.40625 0
2.4375 1 3.4375 0
2.46875 1 3.46875 0
2.5 1 3.5 0
2.53125 1 3.53125 0
2.5625 1 3.5625 0
2.59375 1 3.59375 0
2.625 1 3.625 0
2.65625 1 3.65625 0
2.6875 1 3.6875 0
2.71875 1 3.71875 0
2.75 1 3.75 0
2.78125 1 3.78125 0
2.8125 1 3.8125 0
2.84375 1 3.84375 0
2.875 1 3.875 0
2.90625 1 3.90625 0
2.9375 1 3.9375 0
2.96875 1 3.96875 0
3 1 4 0
3.03125 1 4.03125 0
3.0625 1 4.0625 0
3.09375 1 4.09375 0
3.125 1 4.125 0
3.15625 1 4.15625 0
3.1875 1 4.1875 0
3.21875 1 4.21875 0
3.25 1 4.25 0
3.28125 1 4.28125 0
3.3125 1 4.3125 0
3.34375 1 4.34375 0
3.375 1 4.375 0
3.40625 1 4.40625 0
3.4375 1 4.4375 0
3.46875 1 4.46875 0
3.5 1 4.5 0
3.53125 1 4.53125 0
3.5625 1 4.5625 0
3.59375 1 4.59375 0
3.625 1 4.625 0
3.65625 1 4.65625 0
3.6875 1 4.6875 0
3.71875 1 4.71875 0
3.75 1 4.75 0
3.78125 1 4.78125 0
3.8125 1 4.8125 0
3.84375 1 4.84375 0
3.875 1 4.875 0
3.90625 1 4.90625 0
3.9375 1 4.9375 0
3.96875 1 4.96875 0
4 1 5 0
4.03125 1 5.03125 0
4.0625 1 5.0625 0
4.09375 1 5.09375 0
4.125 1 5.125 0
4.15625 1 5.15625 0
4.1875 1 5.1875 0
4.21875 1 5.21875 0
4.25 1 5.25 0
4.28125 1 5.28125 0
4.3125 1 5.3125 0
4.34375 1 5.34375 0
4.375 1 5.375 0
4.40625 1 5.40625 0
4.4375 1 5.4375 0
4.46875 1 5.46875 0
4.5 1 5.5 0
4.53125 1 5.53125 0
4.5625 1 5.5625 0
4.59375 1 5.59375 0
4.625 1 5.625 0
4.65625 1 5.65625 0
4.6875 1 5.6875 0
4.71875 1 5.71875 0
4.75 1 5.75 0
4.78125 1 5.78125 0
4.8125 1 5.8125 0
4.84375 1 5.84375 0
4.875 1 5.875 0
4.90625 1 5.90625 0
4.9375 1 5.9375 0
4.96875 1 5.96875 0
5 1 6 0


-5 -5
-4 -4
-3 -3
-2 -2
-1 -1
0 0
1 1
2 2
3 3
4 4
5 5


-5 -5 6.5 1
-4.96875 -4.96875 6.34423828125 1
-4.9375 -4.9375 6.189453125 1
-4.90625 -4.90625 6.03564453125 1
-4.875 -4.875 5.8828125 1
-4.84375 -4.84375 5.73095703125 1
-4.8125 -4.8125 5.580078125 1
-4.78125 -4.78125 5.43017578125 1
-4.75 -4.75 5.28125 1
-4.71875 -4.71875 5.13330078125 1
-4.6875 -4.6875 4.986328125 1
-4.65625 -4.65625 4.84033203125 1
-4.625 -4.625 4.6953125 1
-4.59375 -4.59375 4.55126953125 1
-4.5625 -4.5625 4.408203125 1
-4.53125 -4.53125 4.26611328125 1
-4.5 -4.5 4.125 1
-4.46875 -4.46875 3.98486328125 1
-4.4375 -4.4375 3.845703125 1
-4.40625 -4.40625 3.70751953125 1
-4.375 -4.375 3.5703125 1
-4.34375 -4.34375 3.43408203125 1
-4.3125 -4.3125 3.298828125 1
-4.28125 -4.28125 3.16455078125 1
-4.25 -4.25 3.03125 1
-4.21875 -4.21875 2.89892578125 1
-4.1875 -4.1875 2.767578125 1
-4.15625 -4.15625 2.63720703125 1
-4.125 -4.125 2.5078125 1
-4.09375 -4.09375 2.37939453125 1
-4.0625 -4.0625 2.251953125 1
-4.03125 -4.03125 2.12548828125 1
-4 -4 2 1
-3.96875 -3.96875 1.87548828125 1
-3.9375 -3.9375 1.751953125 1
-3.90625 -3.90625 1.62939453125 1
-3.875 -3.875 1.5078125 1
-3.84375 -3.84375 1.38720703125 1
-3.8125 -3.8125 1.267578125 1
-3.78125 -3.78125 1.14892578125 1
-3.75 -3.75 1.03125 1
-3.71875 -3.71875 0.91455078125 1
-3.6875 -3.6875 0.798828125 1
-3.65625 -3.65625 0.68408203125 1
-3.625 -3.625 0.5703125 1
-3.59375 -3.59375 0.45751953125 1
-3.5625 -3.5625 0.345703125 1
-3.53125 -3.53125 0.23486328125 1
-3.5 -3.5 0.125 1
-3.46875 -3.46875 0.01611328125 1
-3.4375 -3.4375 -0.091796875 1
-3.40625 -3.40625 -0.19873046875 1
-3.375 -3.375 -0.3046875 1
-3.34375 -3.34375 -0.40966796875 1
-3.3125 -3.3125 -0.513671875 1
-3.28125 -3.28125 -0.61669921875 1
-3.25 -3.25 -0.71875 1
-3.21875 -3.21875 -0.81982421875 1
-3.1875 -3.1875 -0.919921875 1
-3.15625 -3.15625 -1.01904296875 1
-3.125 -3.125 -1.1171875 1
-3.09375 -3.09375 -1.21435546875 1
-3.0625 -3.0625 -1.310546875 1
-3.03125 -3.03125 -1.40576171875 1
-3 -3 -1.5 1
-2.96875 -2.96875 -1.59326171875 1
-2.9375 -2.9375 -1.685546875 1
-2.90625 -2.90625 -1.77685546875 1
-2.875 -2.875 -1.8671875 1
-2.84375 -2.84375 -1.95654296875 1
-2.8125 -2.8125 -2.044921875 1
-2.78125 -2.78125 -2.13232421875 1
-2.75 -2.75 -2.21875 1
-2.71875 -2.71875 -2.30419921875 1
-2.6875 -2.6875 -2.388671875 1
-2.65625 -2.65625 -2.47216796875 1
-2.625 -2.625 -2.5546875 1
-2.59375 -2.59375 -2.63623046875 1
-2.5625 -2.5625 -2.716796875 1
-2.53125 -2.53125 -2.79638671875 1
-2.5 -2.5 -2.875 1
-2.46875 -2.46875 -2.95263671875 1
-2.4375 -2.4375 -3.029296875 1
-2.40625 -2.40625 -3.10498046875 1
-2.375 -2.375 -3.1796875 1
-2.34375 -2.34375 -3.25341796875 1
-2.3125 -2.3125 -3.326171875 1
-2.28125 -2.28125 -3.39794921875 1
-2.25 -2.25 -3.46875 1
-2.21875 -2.21875 -3.53857421875 1
-2.1875 -2.1875 -3.607421875 1
-2.15625 -2.15625 -3.67529296875 1
-2.125 -2.125 -3.7421875 1
-2.09375 -2.09375 -3.80810546875 1
-2.0625 -2.0625 -3.873046875 1
-2.03125 -2.03125 -3.93701171875 1
-2 -2 -4 1
-1.96875 -1.96875 -4.06201171875 1
-1.9375 -1.9375 -4.123046875 1
-1.90625 -1.90625 -4.18310546875 1
-1.875 -1.875 -4.2421875 1
-1.84375 -1.84375 -4.30029296875 1
-1.8125 -1.8125 -4.357421875 1
-1.78125 -1.78125 -4.41357421875 1
-1.75 -1.75 -4.46875 1
-1.71875 -1.71875 -4.52294921875 1
-1.6875 -1.6875 -4.576171875 1
-1.65625 -1.65625 -4.62841796875 1
-1.625 -1.625 -4.6796875 1
-1.59375 -1.59375 -4.72998046875 1
-1.5625 -1.5625 -4.779296875 1
-1.53125 -1.53125 -4.82763671875 1
-1.5 -1.5 -4.875 1
-1.46875 -1.46875 -4.92138671875 1
-1.4375 -1.4375 -4.966796875 1
-1.40625 -1.40625 -5.01123046875 1
-1.375 -1.375 -5.0546875 1
-1.34375 -1.34375 -5.09716796875 1
-1.3125 -1.3125 -5.138671875 1
-1.28125 -1.28125 -5.17919921875 1
-1.25 -1.25 -5.21875 1
-1.21875 -1.21875 -5.25732421875 1
-1.1875 -1.1875 -5.294921875 1
-1.15625 -1.15625 -5.33154296875 1
-1.125 -1.125 -5.3671875 1
-1.09375 -1.09375 -5.40185546875 1
-1.0625 -1.0625 -5.435546875 1
-1.03125 -1.03125 -5.46826171875 1
-1 -1 -5.5 1
-0.96875 -0.96875 -5.53076171875 1
-0.9375 -0.9375 -5.560546875 1
-0.90625 -0.90625 -5.58935546875 1
-0.875 -0.875 -5.6171875 1
-0.84375 -0.84375 -5.64404296875 1
-0.8125 -0.8125 -5.669921875 1
-0.78125 -0.78125 -5.69482421875 1
-0.75 -0.75 -5.71875 1
-0.71875 -0.71875 -5.74169921875 1
-0.6875 -0.6875 -5.763671875 1
-0.65625 -0.65625 -5.78466796875 1
-0.625 -0.625 -5.8046875 1
-0.59375 -0.59375 -5.82373046875 1
-0.5625 -0.5625 -5.841796875 1
-0.53125 -0.53125 -5.85888671875 1
-0.5 -0.5 -5.875 1
-0.46875 -0.46875 -5.89013671875 1
-0.4375 -0.4375 -5.904296875 1
-0.40625 -0.40625 -5.91748046875 1
-0.375 -0.375 -5.9296875 1
-0.34375 -0.34375 -5.94091796875 1
-0.3125 -0.3125 -5.951171875 1
-0.28125 -0.28125 -5.96044921875 1
-0.25 -0.25 -5.96875 1
-0.21875 -0.21875 -5.97607421875 1
-0.1875 -0.1875 -5.982421875 1
-0.15625 -0.15625 -5.98779296875 1
-0.125 -0.125 -5.9921875 1
-0.09375 -0.09375 -5.99560546875 1
-0.0625 -0.0625 -5.998046875 1
-0.03125 -0.03125 -5.99951171875 1
0 0 -6 1
0.03125 0.03125 -5.99951171875 1
0.0625 0.0625 -5.998046875 1
0.09375 0.09375 -5.99560546875 1
0.125 0.125 -5.9921875 1
0.15625 0.15625 -5.98779296875 1
0.1875 0.1875 -5.982421875 1
0.21875 0.21875 -5.97607421875 1
0.25 0.25 -5.96875 1
0.28125 0.28125 -5.96044921875 1
0.3125 0.3125 -5.951171875 1
0.34375 0.34375 -5.94091796875 1
0.375 0.375 -5.9296875 1
0.40625 0.40625 -5.91748046875 1
0.4375 0.4375 -5.904296875 1
0.46875 0.46875 -5.89013671875 1
0.5 0.5 -5.875 1
0.53125 0.53125 -5.85888671875 1
0.5625 0.5625 -5.841796875 1
0.59375 0.59375 -5.82373046875 1
0.625 0.625 -5.8046875 1
0.65625 0.65625 -5.78466796875 1
0.6875 0.6875 -5.763671875 1
0.71875 0.71875 -5.74169921875 1
0.75 0.75 -5.71875 1
0.78125 0.78125 -5.69482421875 1
0.8125 0.8125 -5.669921875 1
0.84375 0.84375 -5.64404296875 1
0.875 0.875 -5.6171875 1
0.90625 0.90625 -5.58935546875 1
0.9375 0.9375 -5.560546875 1
0.96875 0.96875 -5.53076171875 1
1 1 -5.5 1
1.03125 1.03125 -5.46826171875 1
1.0625 1.0625 -5.435546875 1
1.09375 1.09375 -5.40185546875 1
1.125 1.125 -5.3671875 1
1.15625 1.15625 -5.33154296875 1
1.1875 1.1875 -5.294921875 1
1.21875 1.21875 -5.25732421875 1
1.25 1.25 -5.21875 1
1.28125 1.28125 -5.17919921875 1
1.3125 1.3125 -5.138671875 1
1.34375 1.34375 -5.09716796875 1
1.375 1.375 -5.0546875 1
1.40625 1.40625 -5.01123046875 1
1.4375 1.4375 -4.966796875 1
1.46875 1.46875 -4.92138671875 1
1.5 1.5 -4.875 1
1.53125 1.53125 -4.82763671875 1
1.5625 1.5625 -4.779296875 1
1.59375 1.59375 -4.72998046875 1
1.625 1.625 -4.6796875 1
1.65625 1.65625 -4.62841796875 1
1.6875 1.6875 -4.576171875 1
1.71875 1.71875 -4.52294921875 1
1.75 1.75 -4.46875 1
1.78125 1.78125 -4.41357421875 1
1.8125 1.8125 -4.357421875 1
1.84375 1.84375 -4.30029296875 1
1.875 1.875 -4.2421875 1
1.90625 1.90625 -4.18310546875 1
1.9375 1.9375 -4.123046875 1
1.96875 1.96875 -4.06201171875 1
2 2 -4 1
2.03125 2.03125 -3.93701171875 1
2.0625 2.0625 -3.873046875 1
2.09375 2.09375 -3.80810546875 1
2.125 2.125 -3.7421875 1
2.15625 2.15625 -3.67529296875 1
2.1875 2.1875 -3.607421875 1
2.21875 2.21875 -3.53857421875 1
2.25 2.25 -3.46875 1
2.28125 2.28125 -3.39794921875 1
2.3125 2.3125 -3.326171875 1
2.34375 2.34375 -3.25341796875 1
2.375 2.375 -3.1796875 1
2.40625 2.40625 -3.10498046875 1
2.4375 2.4375 -3.029296875 1
2.46875 2.46875 -2.95263671875 1
2.5 2.5 -2.875 1
2.53125 2.53125 -2.79638671875 1
2.5625 2.5625 -2.716796875 1
2.59375 2.59375 -2.63623046875 1
2.625 2.625 -2.5546875 1
2.65625 2.65625 -2.47216796875 1
2.6875 2.6875 -2.388671875 1
2.71875 2.71875 -2.30419921875 1
2.75 2.75 -2.21875 1
2.78125 2.78125 -2.13232421875 1
2.8125 2.8125 -2.044921875 1
2.84375 2.84375 -1.95654296875 1
2.875 2.875 -1.8671875 1
2.90625 2.90625 -1.77685546875 1
2.9375 2.9375 -1.685546875 1
2.96875 2.96875 -1.59326171875 1
3 3 -1.5 1
3.03125 3.03125 -1.40576171875 1
3.0625 3.0625 -1.310546875 1
3.09375 3.09375 -1.21435546875 1
3.125 3.125 -1.1171875 1
3.15625 3.15625 -1.01904296875 1
3.1875 3.1875 -0.919921875 1
3.21875 3.21875 -0.81982421875 1
3.25 3.25 -0.71875 1
3.28125 3.28125 -0.61669921875 1
3.3125 3.3125 -0.513671875 1
3.34375 3.34375 -0.40966796875 1
3.375 3.375 -0.3046875 1
3.40625 3.40625 -0.19873046875 1
3.4375 3.4375 -0.091796875 1
3.46875 3.46875 0.01611328125 1
3.5 3.5 0.125 1
3.53125 3.53125 0.23486328125 1
3.5625 3.5625 0.345703125 1
3.59375 3.59375 0.45751953125 1
3.625 3.625 0.5703125 1
3.65625 3.65625 0.68408203125 1
3.6875 3.6875 0.798828125 1
3.71875 3.71875 0.91455078125 1
3.75 3.75 1.03125 1
3.78125 3.78125 1.14892578125 1
3.8125 3.8125 1.267578125 1
3.84375 3.84375 1.38720703125 1
3.875 3.875 1.5078125 1
3.90625 3.90625 1.62939453125 1
3.9375 3.9375 1.751953125 1
3.96875 3.96875 1.87548828125 1
4 4 2 1
4.03125 4.03125 2.12548828125 1
4.0625 4.0625 2.251953125 1
4.09375 4.09375 2.37939453125 1
4.125 4.125 2.5078125 1
4.15625 4.15625 2.63720703125 1
4.1875 4.1875 2.767578125 1
4.21875 4.21875 2.89892578125 1
4.25 4.25 3.03125 1
4.28125 4.28125 3.16455078125 1
4.3125 4.3125 3.298828125 1
4.34375 4.34375 3.43408203125 1
4.375 4.375 3.5703125 1
4.40625 4.40625 3.70751953125 1
4.4375 4.4375 3.845703125 1
4.46875 4.46875 3.98486328125 1
4.5 4.5 4.125 1
4.53125 4.53125 4.26611328125 1
4.5625 4.5625 4.408203125 1
4.59375 4.59375 4.55126953125 1
4.625 4.625 4.6953125 1
4.65625 4.65625 4.84033203125 1
4.6875 4.6875 4.986328125 1
4.71875 4.71875 5.13330078125 1
4.75 4.75 5.28125 1
4.78125 4.78125 5.43017578125 1
4.8125 4.8125 5.580078125 1
4.84375 4.84375 5.73095703125 1
4.875 4.875 5.8828125 1
4.90625 4.90625 6.03564453125 1
4.9375 4.9375 6.189453125 1
4.96875 4.96875 6.34423828125 1
5 5 6.5 1


-5 25
-4 16
-3 9
-2 4
-1 1
0 0
1 1
2 4
3 9
4 16
5 25


-5 25 -30 -10
-4.96875 24.6884765625 -29.22314453125 -9.9375
-4.9375 24.37890625 -28.455078125 -9.875
-4.90625 24.0712890625 -27.69580078125 -9.8125
-4.875 23.765625 -26.9453125 -9.75
-4.84375 23.4619140625 -26.20361328125 -9.6875
-4.8125 23.16015625 -25.470703125 -9.625
-4.78125 22.8603515625 -24.74658203125 -9.5625
-4.75 22.5625 -24.03125 -9.5
-4.71875 22.2666015625 -23.32470703125 -9.4375
-4.6875 21.97265625 -22.626953125 -9.375
-4.65625 21.6806640625 -21.93798828125 -9.3125
-4.625 21.390625 -21.2578125 -9.25
-4.59375 21.1025390625 -20.58642578125 -9.1875
-4.5625 20.81640625 -19.923828125 -9.125
-4.53125 20.5322265625 -19.27001953125 -9.0625
-4.5 20.25 -18.625 -9
-4.46875 19.9697265625 -17.98876953125 -8.9375
-4.4375 19.69140625 -17.361328125 -8.875
-4.40625 19.4150390625 -16.74267578125 -8.8125
-4.375 19.140625 -16.1328125 -8.75
-4.34375 18.8681640625 -15.53173828125 -8.6875
-4.3125 18.59765625 -14.939453125 -8.625
-4.28125 18.3291015625 -14.35595703125 -8.5625
-4.25 18.0625 -13.78125 -8.5
-4.21875 17.7978515625 -13.21533203125 -8.4375
-4.1875 17.53515625 -12.658203125 -8.375
-4.15625 17.2744140625 -12.10986328125 -8.3125
-4.125 17.015625 -11.5703125 -8.25
-4.09375 16.7587890625 -11.03955078125 -8.1875
-4.0625 16.50390625 -10.517578125 -8.125
-4.03125 16.2509765625 -10.00439453125 -8.0625
-4 16 -9.5 -8
-3.96875 15.7509765625 -9.00341796875 -7.9375
-3.9375 15.50390625 -8.513671875 -7.875
-3.90625 15.2587890625 -8.03076171875 -7.8125
-3.875 15.015625 -7.5546875 -7.75
-3.84375 14.7744140625 -7.08544921875 -7.6875
-3.8125 14.53515625 -6.623046875 -7.625
-3.78125 14.2978515625 -6.16748046875 -7.5625
-3.75 14.0625 -5.71875 -7.5
-3.71875 13.8291015625 -5.27685546875 -7.4375
-3.6875 13.59765625 -4.841796875 -7.375
-3.65625 13.3681640625 -4.41357421875 -7.3125
-3.625 13.140625 -3.9921875 -7.25
-3.59375 12.9150390625 -3.57763671875 -7.1875
-3.5625 12.69140625 -3.169921875 -7.125
-3.53125 12.4697265625 -2.76904296875 -7.0625
-3.5 12.25 -2.375 -7
-3.46875 12.0322265625 -1.98779296875 -6.9375
-3.4375 11.81640625 -1.607421875 -6.875
-3.40625 11.6025390625 -1.23388671875 -6.8125
-3.375 11.390625 -0.8671875 -6.75
-3.34375 11.1806640625 -0.50732421875 -6.6875
-3.3125 10.97265625 -0.154296875 -6.625
-3.28125 10.7666015625 0.19189453125 -6.5625
-3.25 10.5625 0.53125 -6.5
-3.21875 10.3603515625 0.86376953125 -6.4375
-3.1875 10.16015625 1.189453125 -6.375
-3.15625 9.9619140625 1.50830078125 -6.3125
-3.125 9.765625 1.8203125 -6.25
-3.09375 9.5712890625 2.12548828125 -6.1875
-3.0625 9.37890625 2.423828125 -6.125
-3.03125 9.1884765625 2.71533203125 -6.0625
-3 9 3 -6
-2.96875 8.8134765625 3.27880859375 -5.9375
-2.9375 8.62890625 3.552734375 -5.875
-2.90625 8.4462890625 3.82177734375 -5.8125
-2.875 8.265625 4.0859375 -5.75
-2.84375 8.0869140625 4.34521484375 -5.6875
-2.8125 7.91015625 4.599609375 -5.625
-2.78125 7.7353515625 4.84912109375 -5.5625
-2.75 7.5625 5.09375 -5.5
-2.71875 7.3916015625 5.33349609375 -5.4375
-2.6875 7.22265625 5.568359375 -5.375
-2.65625 7.0556640625 5.79833984375 -5.3125
-2.625 6.890625 6.0234375 -5.25
-2.59375 6.7275390625 6.24365234375 -5.1875
-2.5625 6.56640625 6.458984375 -5.125
-2.53125 6.4072265625 6.66943359375 -5.0625
-2.5 6.25 6.875 -5
-2.46875 6.0947265625 7.07568359375 -4.9375
-2.4375 5.94140625 7.271484375 -4.875
-2.40625 5.7900390625 7.46240234375 -4.8125
-2.375 5.640625 7.6484375 -4.75
-2.34375 5.4931640625 7.82958984375 -4.6875
-2.3125 5.34765625 8.005859375 -4.625
-2.28125 5.2041015625 8.17724609375 -4.5625
-2.25 5.0625 8.34375 -4.5
-2.21875 4.9228515625 8.50537109375 -4.4375
-2.1875 4.78515625 8.662109375 -4.375
-2.15625 4.6494140625 8.81396484375 -4.3125
-2.125 4.515625 8.9609375 -4.25
-2.09375 4.3837890625 9.10302734375 -4.1875
-2.0625 4.25390625 9.240234375 -4.125
-2.03125 4.1259765625 9.37255859375 -4.0625
-2 4 9.5 -4
-1.96875 3.8759765625 9.62353515625 -3.9375
-1.9375 3.75390625 9.744140625 -3.875
-1.90625 3.6337890625 9.86181640625 -3.8125
-1.875 3.515625 9.9765625 -3.75
-1.84375 3.3994140625 10.08837890625 -3.6875
-1.8125 3.28515625 10.197265625 -3.625
-1.78125 3.1728515625 10.30322265625 -3.5625
-1.75 3.0625 10.40625 -3.5
-1.71875 2.9541015625 10.50634765625 -3.4375
-1.6875 2.84765625 10.603515625 -3.375
-1.65625 2.7431640625 10.69775390625 -3.3125
-1.625 2.640625 10.7890625 -3.25
-1.59375 2.5400390625 10.87744140625 -3.1875
-1.5625 2.44140625 10.962890625 -3.125
-1.53125 2.3447265625 11.04541015625 -3.0625
-1.5 2.25 11.125 -3
-1.46875 2.1572265625 11.20166015625 -2.9375
-1.4375 2.06640625 11.275390625 -2.875
-1.40625 1.9775390625 11.34619140625 -2.8125
-1.375 1.890625 11.4140625 -2.75
-1.34375 1.8056640625 11.47900390625 -2.6875
-1.3125 1.72265625 11.541015625 -2.625
-1.28125 1.6416015625 11.60009765625 -2.5625
-1.25 1.5625 11.65625 -2.5
-1.21875 1.4853515625 11.70947265625 -2.4375
-1.1875 1.41015625 11.759765625 -2.375
-1.15625 1.3369140625 11.80712890625 -2.3125
-1.125 1.265625 11.8515625 -2.25
-1.09375 1.1962890625 11.89306640625 -2.1875
-1.0625 1.12890625 11.931640625 -2.125
-1.03125 1.0634765625 11.96728515625 -2.0625
-1 1 12 -2
-0.96875 0.9384765625 12.03076171875 -1.9375
-0.9375 0.87890625 12.060546875 -1.875
-0.90625 0.8212890625 12.08935546875 -1.8125
-0.875 0.765625 12.1171875 -1.75
-0.84375 0.7119140625 12.14404296875 -1.6875
-0.8125 0.66015625 12.169921875 -1.625
-0.78125 0.6103515625 12.19482421875 -1.5625
-0.75 0.5625 12.21875 -1.5
-0.71875 0.5166015625 12.24169921875 -1.4375
-0.6875 0.47265625 12.263671875 -1.375
-0.65625 0.4306640625 12.28466796875 -1.3125
-0.625 0.390625 12.3046875 -1.25
-0.59375 0.3525390625 12.32373046875 -1.1875
-0.5625 0.31640625 12.341796875 -1.125
-0.53125 0.2822265625 12.35888671875 -1.0625
-0.5 0.25 12.375 -1
-0.46875 0.2197265625 12.39013671875 -0.9375
-0.4375 0.19140625 12.404296875 -0.875
-0.40625 0.1650390625 12.41748046875 -0.8125
-0.375 0.140625 12.4296875 -0.75
-0.34375 0.1181640625 12.44091796875 -0.6875
-0.3125 0.09765625 12.451171875 -0.625
-0.28125 0.0791015625 12.46044921875 -0.5625
-0.25 0.0625 12.46875 -0.5
-0.21875 0.0478515625 12.47607421875 -0.4375
-0.1875 0.03515625 12.482421875 -0.375
-0.15625 0.0244140625 12.48779296875 -0.3125
-0.125 0.015625 12.4921875 -0.25
-0.09375 0.0087890625 12.49560546875 -0.1875
-0.0625 0.00390625 12.498046875 -0.125
-0.03125 0.0009765625 12.49951171875 -0.0625
0 0 12.5 0
0.03125 0.0009765625 12.50048828125 0.0625
0.0625 0.00390625 12.501953125 0.125
0.09375 0.0087890625 12.50439453125 0.1875
0.125 0.015625 12.5078125 0.25
0.15625 0.0244140625 12.51220703125 0.3125
0.1875 0.03515625 12.517578125 0.375
0.21875 0.0478515625 12.52392578125 0.4375
0.25 0.0625 12.53125 0.5
0.28125 0.0791015625 12.53955078125 0.5625
0.3125 0.09765625 12.548828125 0.625
0.34375 0.1181640625 12.55908203125 0.6875
0.375 0.140625 12.5703125 0.75
0.40625 0.1650390625 12.58251953125 0.8125
0.4375 0.19140625 12.595703125 0.875
0.46875 0.2197265625 12.60986328125 0.9375
0.5 0.25 12.625 1
0.53125 0.2822265625 12.64111328125 1.0625
0.5625 0.31640625 12.658203125 1.125
0.59375 0.3525390625 12.67626953125 1.1875
0.625 0.390625 12.6953125 1.25
0.65625 0.4306640625 12.71533203125 1.3125
0.6875 0.47265625 12.736328125 1.375
0.71875 0.5166015625 12.75830078125 1.4375
0.75 0.5625 12.78125 1.5
0.78125 0.6103515625 12.80517578125 1.5625
0.8125 0.66015625 12.830078125 1.625
0.84375 0.7119140625 12.85595703125 1.6875
0.875 0.765625 12.8828125 1.75
0.90625 0.8212890625 12.91064453125 1.8125
0.9375 0.87890625 12.939453125 1.875
0.96875 0.9384765625 12.96923828125 1.9375
1 1 13 2
1.03125 1.0634765625 13.03271484375 2.0625
1.0625 1.12890625 13.068359375 2.125
1.09375 1.1962890625 13.10693359375 2.1875
1.125 1.265625 13.1484375 2.25
1.15625 1.3369140625 13.19287109375 2.3125
1.1875 1.41015625 13.240234375 2.375
1.21875 1.4853515625 13.29052734375 2.4375
1.25 1.5625 13.34375 2.5
1.28125 1.6416015625 13.39990234375 2.5625
1.3125 1.72265625 13.458984375 2.625
1.34375 1.8056640625 13.52099609375 2.6875
1.375 1.890625 13.5859375 2.75
1.40625 1.9775390625 13.65380859375 2.8125
1.4375 2.06640625 13.724609375 2.875
1.46875 2.1572265625 13.79833984375 2.9375
1.5 2.25 13.875 3
1.53125 2.3447265625 13.95458984375 3.0625
1.5625 2.44140625 14.037109375 3.125
1.59375 2.5400390625 14.12255859375 3.1875
1.625 2.640625 14.2109375 3.25
1.65625 2.7431640625 14.30224609375 3.3125
1.6875 2.84765625 14.396484375 3.375
1.71875 2.9541015625 14.49365234375 3.4375
1.75 3.0625 14.59375 3.5
1.78125 3.1728515625 14.69677734375 3.5625
1.8125 3.28515625 14.802734375 3.625
1.84375 3.3994140625 14.91162109375 3.6875
1.875 3.515625 15.0234375 3.75
1.90625 3.6337890625 15.13818359375 3.8125
1.9375 3.75390625 15.255859375 3.875
1.96875 3.8759765625 15.37646484375 3.9375
2 4 15.5 4
2.03125 4.1259765625 15.62744140625 4.0625
2.0625 4.25390625 15.759765625 4.125
2.09375 4.3837890625 15.89697265625 4.1875
2.125 4.515625 16.0390625 4.25
2.15625 4.6494140625 16.18603515625 4.3125
2.1875 4.78515625 16.337890625 4.375
2.21875 4.9228515625 16.49462890625 4.4375
2.25 5.0625 16.65625 4.5
2.28125 5.2041015625 16.82275390625 4.5625
2.3125 5.34765625 16.994140625 4.625
2.34375 5.4931640625 17.17041015625 4.6875
2.375 5.640625 17.3515625 4.75
2.40625 5.7900390625 17.53759765625 4.8125
2.4375 5.94140625 17.728515625 4.875
2.46875 6.0947265625 17.92431640625 4.9375
2.5 6.25 18.125 5
2.53125 6.4072265625 18.33056640625 5.0625
2.5625 6.56640625 18.541015625 5.125
2.59375 6.7275390625 18.75634765625 5.1875
2.625 6.890625 18.9765625 5.25
2.65625 7.0556640625 19.20166015625 5.3125
2.6875 7.22265625 19.431640625 5.375
2.71875 7.3916015625 19.66650390625 5.4375
2.75 7.5625 19.90625 5.5
2.78125 7.7353515625 20.15087890625 5.5625
2.8125 7.91015625 20.400390625 5.625
2.84375 8.0869140625 20.65478515625 5.6875
2.875 8.265625 20.9140625 5.75
2.90625 8.4462890625 21.17822265625 5.8125
2.9375 8.62890625 21.447265625 5.875
2.96875 8.8134765625 21.72119140625 5.9375
3 9 22 6
3.03125 9.1884765625 22.28466796875 6.0625
3.0625 9.37890625 22.576171875 6.125
3.09375 9.5712890625 22.87451171875 6.1875
3.125 9.765625 23.1796875 6.25
3.15625 9.9619140625 23.49169921875 6.3125
3.1875 10.16015625 23.810546875 6.375
3.21875 10.3603515625 24.13623046875 6.4375
3.25 10.5625 24.46875 6.5
3.28125 10.7666015625 24.80810546875 6.5625
3.3125 10.97265625 25.154296875 6.625
3.34375 11.1806640625 25.50732421875 6.6875
3.375 11.390625 25.8671875 6.75
3.40625 11.6025390625 26.23388671875 6.8125
3.4375 11.81640625 26.607421875 6.875
3.46875 12.0322265625 26.98779296875 6.9375
3.5 12.25 27.375 7
3.53125 12.4697265625 27.76904296875 7.0625
3.5625 12.69140625 28.169921875 7.125
3.59375 12.9150390625 28.57763671875 7.1875
3.625 13.140625 28.9921875 7.25
3.65625 13.3681640625 29.41357421875 7.3125
3.6875 13.59765625 29.841796875 7.375
3.71875 13.8291015625 30.27685546875 7.4375
3.75 14.0625 30.71875 7.5
3.78125 14.2978515625 31.16748046875 7.5625
3.8125 14.53515625 31.623046875 7.625
3.84375 14.7744140625 32.08544921875 7.6875
3.875 15.015625 32.5546875 7.75
3.90625 15.2587890625 33.03076171875 7.8125
3.9375 15.50390625 33.513671875 7.875
3.96875 15.7509765625 34.00341796875 7.9375
4 16 34.5 8
4.03125 16.2509765625 35.00439453125 8.0625
4.0625 16.50390625 35.517578125 8.125
4.09375 16.7587890625 36.03955078125 8.1875
4.125 17.015625 36.5703125 8.25
4.15625 17.2744140625 37.10986328125 8.3125
4.1875 17.53515625 37.658203125 8.375
4.21875 17.7978515625 38.21533203125 8.4375
4.25 18.0625 38.78125 8.5
4.28125 18.3291015625 39.35595703125 8.5625
4.3125 18.59765625 39.939453125 8.625
4.34375 18.8681640625 40.53173828125 8.6875
4.375 19.140625 41.1328125 8.75
4.40625 19.4150390625 41.74267578125 8.8125
4.4375 19.69140625 42.361328125 8.875
4.46875 19.9697265625 42.98876953125 8.9375
4.5 20.25 43.625 9
4.53125 20.5322265625 44.27001953125 9.0625
4.5625 20.81640625 44.923828125 9.125
4.59375 21.1025390625 45.58642578125 9.1875
4.625 21.390625 46.2578125 9.25
4.65625 21.6806640625 46.93798828125 9.3125
4.6875 21.97265625 47.626953125 9.375
4.71875 22.2666015625 48.32470703125 9.4375
4.75 22.5625 49.03125 9.5
4.78125 22.8603515625 49.74658203125 9.5625
4.8125 23.16015625 50.470703125 9.625
4.84375 23.4619140625 51.20361328125 9.6875
4.875 23.765625 51.9453125 9.75
4.90625 24.0712890625 52.69580078125 9.8125
4.9375 24.37890625 53.455078125 9.875
4.96875 24.6884765625 54.22314453125 9.9375
5 25 55 10


-3.5 0
-2.5 0
-1.5 0
-0.5 0
0.5 1
1.5 1
2.5 1
3.5 1


-3.5 0 0 -1
-3.46875 -0.0302734375 0 -0.9375
-3.4375 -0.05859375 0 -0.875
-3.40625 -0.0849609375 0 -0.8125
-3.375 -0.109375 0 -0.75
-3.34375 -0.1318359375 0 -0.6875
-3.3125 -0.15234375 0 -0.625
-3.28125 -0.1708984375 0 -0.5625
-3.25 -0.1875 0 -0.5
-3.21875 -0.2021484375 0 -0.4375
-3.1875 -0.21484375 0 -0.375
-3.15625 -0.2255859375 0 -0.3125
-3.125 -0.234375 0 -0.25
-3.09375 -0.2412109375 0 -0.1875
-3.0625 -0.24609375 0 -0.125
-3.03125 -0.2490234375 0 -0.0625
-3 -0.25 0 0
-2.96875 -0.2490234375 0 0.0625
-2.9375 -0.24609375 0 0.125
-2.90625 -0.2412109375 0 0.1875
-2.875 -0.234375 0 0.25
-2.84375 -0.2255859375 0 0.3125
-2.8125 -0.21484375 0 0.375
-2.78125 -0.2021484375 0 0.4375
-2.75 -0.1875 0 0.5
-2.71875 -0.1708984375 0 0.5625
-2.6875 -0.15234375 0 0.625
-2.65625 -0.1318359375 0 0.6875
-2.625 -0.109375 0 0.75
-2.59375 -0.0849609375 0 0.8125
-2.5625 -0.05859375 0 0.875
-2.53125 -0.0302734375 0 0.9375
-2.5 0 0 1
-2.46875 0.0302734375 0 0.9375
-2.4375 0.05859375 0 0.875
-2.40625 0.0849609375 0 0.8125
-2.375 0.109375 0 0.75
-2.34375 0.1318359375 0 0.6875
-2.3125 0.15234375 0 0.625
-2.28125 0.1708984375 0 0.5625
-2.25 0.1875 0 0.5
-2.21875 0.2021484375 0 0.4375
-2.1875 0.21484375 0 0.375
-2.15625 0.2255859375 0 0.3125
-2.125 0.234375 0 0.25
-2.09375 0.2412109375 0 0.1875
-2.0625 0.24609375 0 0.125
-2.03125 0.2490234375 0 0.0625
-2 0.25 0 0
-1.96875 0.2490234375 0 -0.0625
-1.9375 0.24609375 0 -0.125
-1.90625 0.2412109375 0 -0.1875
-1.875 0.234375 0 -0.25
-1.84375 0.2255859375 0 -0.3125
-1.8125 0.21484375 0 -0.375
-1.78125 0.2021484375 0 -0.4375
-1.75 0.1875 0 -0.5
-1.71875 0.1708984375 0 -0.5625
-1.6875 0.15234375 0 -0.625
-1.65625 0.1318359375 0 -0.6875
-1.625 0.109375 0 -0.75
-1.59375 0.0849609375 0 -0.8125
-1.5625 0.05859375 0 -0.875
-1.53125 0.0302734375 0 -0.9375
-1.5 0 0 -1
-1.46875 -0.0302734375 0 -0.9375
-1.4375 -0.05859375 0 -0.875
-1.40625 -0.0849609375 0 -0.8125
-1.375 -0.109375 0 -0.75
-1.34375 -0.1318359375 0 -0.6875
-1.3125 -0.15234375 0 -0.625
-1.28125 -0.1708984375 0 -0.5625
-1.25 -0.1875 0 -0.5
-1.21875 -0.2021484375 0 -0.4375
-1.1875 -0.21484375 0 -0.375
-1.15625 -0.2255859375 0 -0.3125
-1.125 -0.234375 0 -0.25
-1.09375 -0.2412109375 0 -0.1875
-1.0625 -0.24609375 0 -0.125
-1.03125 -0.2490234375 0 -0.0625
-1 -0.25 0 0
-0.96875 -0.2490234375 0 0.0625
-0.9375 -0.24609375 0 0.125
-0.90625 -0.2412109375 0 0.1875
-0.875 -0.234375 0 0.25
-0.84375 -0.2255859375 0 0.3125
-0.8125 -0.21484375 0 0.375
-0.78125 -0.2021484375 0 0.4375
-0.75 -0.1875 0 0.5
-0.71875 -0.1708984375 0 0.5625
-0.6875 -0.15234375 0 0.625
-0.65625 -0.1318359375 0 0.6875
-0.625 -0.109375 0 0.75
-0.59375 -0.0849609375 0 0.8125
-0.5625 -0.05859375 0 0.875
-0.53125 -0.0302734375 0 0.9375
-0.5 0 0 1
-0.46875 0.03125 0.00048828125 1
-0.4375 0.0625 0.001953125 1
-0.40625 0.09375 0.00439453125 1
-0.375 0.125 0.0078125 1
-0.34375 0.15625 0.01220703125 1
-0.3125 0.1875 0.017578125 1
-0.28125 0.21875 0.02392578125 1
-0.25 0.25 0.03125 1
-0.21875 0.28125 0.03955078125 1
-0.1875 0.3125 0.048828125 1
-0.15625 0.34375 0.05908203125 1
-0.125 0.375 0.0703125 1
-0.09375 0.40625 0.08251953125 1
-0.0625 0.4375 0.095703125 1
-0.03125 0.46875 0.10986328125 1
0 0.5 0.125 1
0.03125 0.53125 0.14111328125 1
0.0625 0.5625 0.158203125 1
0.09375 0.59375 0.17626953125 1
0.125 0.625 0.1953125 1
0.15625 0.65625 0.21533203125 1
0.1875 0.6875 0.236328125 1
0.21875 0.71875 0.25830078125 1
0.25 0.75 0.28125 1
0.28125 0.78125 0.30517578125 1
0.3125 0.8125 0.330078125 1
0.34375 0.84375 0.35595703125 1
0.375 0.875 0.3828125 1
0.40625 0.90625 0.41064453125 1
0.4375 0.9375 0.439453125 1
0.46875 0.96875 0.46923828125 1
0.5 1 0.5 1
0.53125 1.0302734375 0.53125 0.9375
0.5625 1.05859375 0.5625 0.875
0.59375 1.0849609375 0.59375 0.8125
0.625 1.109375 0.625 0.75
0.65625 1.1318359375 0.65625 0.6875
0.6875 1.15234375 0.6875 0.625
0.71875 1.1708984375 0.71875 0.5625
0.75 1.1875 0.75 0.5
0.78125 1.2021484375 0.78125 0.4375
0.8125 1.21484375 0.8125 0.375
0.84375 1.2255859375 0.84375 0.3125
0.875 1.234375 0.875 0.25
0.90625 1.2412109375 0.90625 0.1875
0.9375 1.24609375 0.9375 0.125
0.96875 1.2490234375 0.96875 0.0625
1 1.25 1 0
1.03125 1.2490234375 1.03125 -0.0625
1.0625 1.24609375 1.0625 -0.125
1.09375 1.2412109375 1.09375 -0.1875
1.125 1.234375 1.125 -0.25
1.15625 1.2255859375 1.15625 -0.3125
1.1875 1.21484375 1.1875 -0.375
1.21875 1.2021484375 1.21875 -0.4375
1.25 1.1875 1.25 -0.5
1.28125 1.1708984375 1.28125 -0.5625
1.3125 1.15234375 1.3125 -0.625
1.34375 1.1318359375 1.34375 -0.6875
1.375 1.109375 1.375 -0.75
1.40625 1.0849609375 1.40625 -0.8125
1.4375 1.05859375 1.4375 -0.875
1.46875 1.0302734375 1.46875 -0.9375
1.5 1 1.5 -1
1.53125 0.9697265625 1.53125 -0.9375
1.5625 0.94140625 1.5625 -0.875
1.59375 0.9150390625 1.59375 -0.8125
1.625 0.890625 1.625 -0.75
1.65625 0.8681640625 1.65625 -0.6875
1.6875 0.84765625 1.6875 -0.625
1.71875 0.8291015625 1.71875 -0.5625
1.75 0.8125 1.75 -0.5
1.78125 0.7978515625 1.78125 -0.4375
1.8125 0.78515625 1.8125 -0.375
1.84375 0.7744140625 1.84375 -0.3125
1.875 0.765625 1.875 -0.25
1.90625 0.7587890625 1.90625 -0.1875
1.9375 0.75390625 1.9375 -0.125
1.96875 0.7509765625 1.96875 -0.0625
2 0.75 2 0
2.03125 0.7509765625 2.03125 0.0625
2.0625 0.75390625 2.0625 0.125
2.09375 0.7587890625 2.09375 0.1875
2.125 0.765625 2.125 0.25
2.15625 0.7744140625 2.15625 0.3125
2.1875 0.78515625 2.1875 0.375
2.21875 0.7978515625 2.21875 0.4375
2.25 0.8125 2.25 0.5
2.28125 0.8291015625 2.28125 0.5625
2.3125 0.84765625 2.3125 0.625
2.34375 0.8681640625 2.34375 0.6875
2.375 0.890625 2.375 0.75
2.40625 0.9150390625 2.40625 0.8125
2.4375 0.94140625 2.4375 0.875
2.46875 0.9697265625 2.46875 0.9375
2.5 1 2.5 1
2.53125 1.0302734375 2.53125 0.9375
2.5625 1.05859375 2.5625 0.875
2.59375 1.0849609375 2.59375 0.8125
2.625 1.109375 2.625 0.75
2.65625 1.1318359375 2.65625 0.6875
2.6875 1.15234375 2.6875 0.625
2.71875 1.1708984375 2.71875 0.5625
2.75 1.1875 2.75 0.5
2.78125 1.2021484375 2.78125 0.4375
2.8125 1.21484375 2.8125 0.375
2.84375 1.2255859375 2.84375 0.3125
2.875 1.234375 2.875 0.25
2.90625 1.2412109375 2.90625 0.1875
2.9375 1.24609375 2.9375 0.125
2.96875 1.2490234375 2.96875 0.0625
3 1.25 3 0
3.03125 1.2490234375 3.03125 -0.0625
3.0625 1.24609375 3.0625 -0.125
3.09375 1.2412109375 3.09375 -0.1875
3.125 1.234375 3.125 -0.25
3.15625 1.2255859375 3.15625 -0.3125
3.1875 1.21484375 3.1875 -0.375
3.21875 1.2021484375 3.21875 -0.4375
3.25 1.1875 3.25 -0.5
3.28125 1.1708984375 3.28125 -0.5625
3.3125 1.15234375 3.3125 -0.625
3.34375 1.1318359375 3.34375 -0.6875
3.375 1.109375 3.375 -0.75
3.40625 1.0849609375 3.40625 -0.8125
3.4375 1.05859375 3.4375 -0.875
3.46875 1.0302734375 3.46875 -0.9375
3.5 1 3.5 -1
