0 141.333899083703 145.889641183156 136.920420587809
0.03125 140.575956326441 145.125538887541 136.168999947053
0.0625 139.822078250243 144.365438605457 135.421703110305
0.09375 139.072243057115 143.609319376214 134.678507446089
0.125 138.326429065959 142.857160348903 133.939390447128
0.15625 137.584614711949 142.108940781822 133.204329729667
0.1875 136.846778545908 141.364640041905 132.473303032792
0.21875 136.112899233684 140.624237604152 131.746288217757
0.25 135.382955555537 139.887713051065 131.023263267316
0.28125 134.656926405522 139.155046072081 130.30420628505
0.3125 133.934790790882 138.426216463016 129.589095494712
0.34375 133.216527831441 137.701204125506 128.87790923956
0.375 132.502116758994 136.979989066452 128.170625981705
0.40625 131.791536916717 136.26255139747 127.467224301459
0.4375 131.08476775856 135.548871334342 126.767682896686
0.46875 130.381788848659 134.838929196472 126.071980582155
0.5 129.682579860742 134.132705406341 125.380096288901
0.53125 128.987120577543 133.430180488965 124.692009063583
0.5625 128.295390890217 132.731335071366 124.007698067856
0.59375 127.607370797757 132.03614988203 123.327142577734
0.625 126.923040406418 131.344605750378 122.650321982963
0.65625 126.242379929141 130.656683606237 121.977215786402
0.6875 125.565369684981 129.972364479318 121.307803603394
0.71875 124.891990098536 129.291629498686 120.642065161158
0.75 124.222221699384 128.614459892246 119.979980298167
0.78125 123.556045121518 127.940836986219 119.32152896354
0.8125 122.893441102788 127.270742204634 118.666691216439
0.84375 122.234390484339 126.604157068811 118.015447225458
0.875 121.578874210066 125.941063196853 117.367777268029
0.90625 120.926873326053 125.281442303138 116.723661729818
0.9375 120.278368980032 124.625276197817 116.083081104138
0.96875 119.633342420837 123.97254678631 115.446015991353
1 118.991774997856 123.323236068808 114.812447098294
1.03125 118.353648160501 122.677326139778 114.182355237671
1.0625 117.718943457664 122.034799187465 113.555721327495
1.09375 117.087642537186 121.395637493408 112.932526390501
1.125 116.459727145329 120.759823431942 112.312751553567
1.15625 115.835179126242 120.127339469722 111.696378047152
1.1875 115.213980421444 119.49816816523 111.083387204719
1.21875 114.596113069295 118.872292168303 110.473760462174
1.25 113.98155920448 118.249694219646 109.867479357304
1.28125 113.370301057493 117.630357150364 109.264525529215
1.3125 112.762320954119 117.014263881481 108.664880717779
1.34375 112.157601314929 116.401397423476 108.068526763079
1.375 111.556124654768 115.791740875809 107.47544560486
1.40625 110.957873582248 115.185277426458 106.885619281984
1.4375 110.362830799249 114.581990351455 106.29902993188
1.46875 109.770979100417 113.981863014423 105.715659790009
1.5 109.182301372667 113.384878866121 105.135491189326
1.53125 108.596780594686 112.791021443983 104.558506559739
1.5625 108.014399836444 112.200274371667 103.984688427583
1.59375 107.435142258702 111.612621358603 103.414019415088
1.625 106.858991112528 111.028046199544 102.846482239856
1.65625 106.285929738808 110.446532774117 102.282059714329
1.6875 105.71594156777 109.868065046381 101.720734745282
1.71875 105.149010118501 109.292627064383 101.162490333291
1.75 104.585118998471 108.720202959721 100.607309572229
1.78125 104.024251903059 108.150776947102 100.05517564875
1.8125 103.466392615085 107.584333323911 99.5060718417778
1.84375 102.911525004334 107.020856469774 98.9599815220026
1.875 102.359633027098 106.460330846131 98.4168881513767
1.90625 101.810700725705 105.902740995804 97.8767752826131
1.9375 101.264712228062 105.348071542575 97.3396265586877
1.96875 100.721651747193 104.796307190758 96.8054257123439
2 100.181503580786 104.247432724777 96.2741565655999
2.03125 99.6442521107358 103.701433008752 95.745803029259
2.0625 99.1098818026941 103.158292986075 95.2203491024221
2.09375 98.5783772056198 102.617997678998 94.6977788720032
2.125 98.0497229513325 102.080532188219 94.1780765122473
2.15625 97.5239037540677 101.545881692474 93.6612262842516
2.1875 97.0009044100356 101.014031448123 93.1472125354883
2.21875 96.4807097969804 100.484966788749 92.636019699331
2.25 95.9633048737441 99.9586731247474 92.1276322945831
2.28125 95.4486746798309 99.4351359429306 91.6220349250088
2.3125 94.9368043349749 98.9143408061228 91.1192122788671
2.34375 94.4276790387099 98.3962733527636 90.619149128448
2.375 93.9212840699414 97.8809192965119 90.1218303296113
2.40625 93.4176047865207 97.3682644258517 89.6272408213282
2.4375 92.9166266248219 96.8582946037006 89.1353656252245
2.46875 92.4183350993205 96.3509957670192 88.6461898451278
2.5 91.9227158021748 95.8463539264242 88.1596986666161
2.53125 91.4297544028093 95.3443551658021 87.675877356569
2.5625 90.9394366475 94.8449856419255 87.1947112627216
2.59375 90.4517483589626 94.3482315840715 86.7161858132206
2.625 89.9666754359428 93.8540792936416 86.2402865161835
2.65625 89.4842038528075 93.3625151437846 85.7669989592592
2.6875 89.0043196591407 92.8735255790202 85.296308809192
2.71875 88.527008979339 92.3870971148653 84.8282018113867
2.75 88.0522580122112 91.9032163374626 84.3626637894779
2.78125 87.5800530305785 91.4218699032101 83.8996806449002
2.8125 87.1103803808781 90.9430445383934 83.4392383564612
2.84375 86.6432264827683 90.4667270388199 82.9813229799168
2.875 86.1785778287359 89.9929042694542 82.5259206475494
2.90625 85.7164209837052 89.5215631640562 82.0730175677472
2.9375 85.2567425846502 89.0526907248208 81.6226000245872
2.96875 84.7995293402077 88.5862740220191 81.1746543774192
3 84.3447680302933 88.1223001936425 80.7291670604534
3.03125 83.8924455057189 87.6607564450474 80.2861245823489
3.0625 83.4425486878127 87.2016300486026 79.8455135258056
3.09375 82.9950645680409 86.7449083433385 79.4073205471575
3.125 82.5499802076316 86.2905787345976 78.9715323759689
3.15625 82.1072827372008 85.8386286936875 78.5381358146324
3.1875 81.6669593563802 85.3890457575352 78.1071177379693
3.21875 81.2289973334468 84.9418175283436 77.6784650928315
3.25 80.7933840049554 84.4969316732494 77.2521648977074
3.28125 80.3601067753718 84.0543759239832 76.8282042423275
3.3125 79.9291531167092 83.6141380765312 76.4065702872745
3.34375 79.5005105681654 83.1762059907982 75.9872502635935
3.375 79.0741667357628 82.7405675902735 75.5702314724059
3.40625 78.65010929199 82.3072108616976 75.1555012845248
3.4375 78.2283259754453 81.8761238547307 74.7430471400723
3.46875 77.8088045904824 81.4472946816234 74.3328565480993
3.5 77.3915330068574 81.0207115168889 73.924917086207
3.53125 76.9764991593784 80.5963625969767 73.519216400171
3.5625 76.5636910475562 80.1742362199484 73.1157422035669
3.59375 76.1530967352578 79.754320745155 72.7144822773985
3.625 75.7447043503611 79.3366045929155 72.3154244697274
3.65625 75.3385020844115 78.9210762441983 71.9185566953051
3.6875 74.9344781922806 78.507724240303 71.5238669352073
3.71875 74.5326209918266 78.0965371825444 71.1313432364695
3.75 74.1329188635563 77.6875037319386 70.7409737117252
3.78125 73.7353602502895 77.2806126088898 70.3527465388461
3.8125 73.3399336568246 76.8758525928796 69.9666499605836
3.84375 72.946627649606 76.4732125221575 69.582672284213
3.875 72.555430856394 76.072681293433 69.2008018811795
3.90625 72.1663319659357 75.6742478615696 68.821027186746
3.9375 71.779319727638 75.2779012392799 68.4433366996427
3.96875 71.3943829512421 74.8836304968231 68.0677189817187
4 71.0115105065004 74.491424761703 67.6941626575961
4.03125 70.6306913228539 74.1012732183689 67.322656414325
4.0625 70.2519143891132 73.7131651079164 66.9531890010413
4.09375 69.875168753139 73.3270897277918 66.5857492286254
4.125 69.5004435215262 72.943036431496 66.2203259693639
4.15625 69.1277278592885 72.5609946282915 65.8569081566125
4.1875 68.7570109895453 72.1809537829103 65.4954847844605
4.21875 68.3882821932101 71.802903415263 65.1360449073981
4.25 68.0215308086805 71.4268331001501 64.7785776399843
4.28125 67.6567462315299 71.0527324669746 64.4230721565174
4.3125 67.2939179142009 70.6805911994558 64.0695176907076
4.34375 66.9330353657004 70.3103990353449 63.7179035353504
4.375 66.5740881512962 69.942145766142 63.3682190420026
4.40625 66.2170658922153 69.5758212368145 63.0204536206598
4.4375 65.8619582653436 69.2114153455173 62.6745967394354
4.46875 65.508755002928 68.848918043314 62.3306379242423
4.5 65.1574458922786 68.4883193338999 61.9885667584751
4.53125 64.8080207754743 68.1296092733263 61.6483728826947
4.5625 64.4604695490686 67.7727779697262 61.3100459943148
4.59375 64.1147821637976 67.4178155830418 60.97357584729
4.625 63.7709486242892 67.0647123247529 60.6389522518051
4.65625 63.4289589887746 66.7134584576069 60.3061650739666
4.6875 63.0888033688003 66.3640442953505 59.9752042354961
4.71875 62.7504719289427 66.0164602024625 59.646059713425
4.75 62.4139548865229 65.6706965938882 59.3187215397905
4.78125 62.0792425113249 65.3267439347748 58.9931798013343
4.8125 61.7463251253134 64.9845927402086 58.6694246392022
4.84375 61.4151931023545 64.6442335749538 58.3474462486454
4.875 61.0858368679369 64.3056570531917 58.0272348787236
4.90625 60.7582468988956 63.9688538382621 57.70878083201
4.9375 60.4324137231359 63.6338146424063 57.3920744642971
4.96875 60.1083279193602 63.3005302265101 57.0771061843051
5 59.7859801167951 62.9689913998499 56.7638664533911
5.03125 59.4653609949205 62.6391890198385 56.4523457852605
5.0625 59.1464612832005 62.3111139917736 56.1425347456794
5.09375 58.8292717608148 61.9847572685866 55.8344239521893
5.125 58.5137832563925 61.6601098505932 55.5280040738225
5.15625 58.1999866477466 61.3371627852455 55.22326583082
5.1875 57.8878728616106 61.0159071668846 54.9201999943499
5.21875 57.5774328733756 60.6963341364956 54.6187973862285
5.25 57.2686577068301 60.3784348814627 54.3190488786418
5.28125 56.9615384338997 60.0622006353268 54.0209453938697
5.3125 56.6560661743897 59.7476226775433 53.7244779040104
5.34375 56.3522320957276 59.4346923332418 53.4296374307074
5.375 56.0500274127082 59.1234009729867 53.1364150448775
5.40625 55.7494433872393 58.8137400125397 52.8448018664405
5.4375 55.4504713280895 58.5057009126224 52.55478906405
5.46875 55.1531025906362 58.1992751786816 52.2663678548264
5.5 54.8573285766161 57.8944543606541 51.9795295040902
5.53125 54.5631407338768 57.5912300527347 51.6942653250984
5.5625 54.2705305561288 57.2895938931436 51.4105666787804
5.59375 53.9794895827003 56.9895375638963 51.1284249734775
5.625 53.690009398292 56.691052790574 50.8478316646816
5.65625 53.4020816327341 56.3941313420953 50.5687782547772
5.6875 53.1156979607443 56.0987650304897 50.2912562927838
5.71875 52.8308501016867 55.8049457106713 50.0152573740998
5.75 52.547529819333 55.5126652802144 49.7407731402484
5.78125 52.2657289216235 55.2219156791301 49.4677952786239
5.8125 51.9854392604313 54.9326888896438 49.1963155222405
5.84375 51.7066527313256 54.6449769359746 48.9263256494816
5.875 51.4293612733383 54.3587718841149 48.6578174838509
5.90625 51.1535568687302 54.0740658416115 48.3907828937249
5.9375 50.8792315427596 53.7908509573487 48.1252137921065
5.96875 50.6063773634516 53.5091194213309 47.8611021363799
6 50.3349864413688 53.2288634644679 47.5984399280676
6.03125 50.0650509293831 52.9500753583601 47.3372192125875
6.0625 49.7965630224486 52.6727474150859 47.0774320790127
6.09375 49.5295149573766 52.3968719869895 46.8190706598311
6.125 49.2638990126102 52.1224414664698 46.5621271307081
6.15625 48.9997075080019 51.8494482857709 46.3065937102485
6.1875 48.7369328045909 51.5778849167733 46.0524626597621
6.21875 48.4755673043827 51.3077438707862 45.7997262830283
6.25 48.2156034501289 51.0390176983413 45.5483769260637
6.28125 47.9570337251093 50.7716989889869 45.2984069768897
6.3125 47.6998506529138 50.505780371084 45.0498088653026
6.34375 47.4440467972272 50.2412545116027 44.802575062644
6.375 47.1896147616131 49.9781141159202 44.5566980815728
6.40625 46.9365471893008 49.7163519276195 44.3121704758385
6.4375 46.6848367629725 49.4559607282895 44.0689848400558
6.46875 46.4344762045512 49.1969333373254 43.8271338094801
6.5 46.1854582749911 48.9392626117316 43.5866100597847
6.53125 45.9377757740675 48.6829414459238 43.3474063068388
6.5625 45.6914215401689 48.4279627715336 43.1095153064869
6.59375 45.4463884500901 48.1743195572135 42.8729298543297
6.625 45.202669418826 47.9220048084428 42.6376427855057
6.65625 44.960257399367 47.6710115673349 42.403646974474
6.6875 44.7191453824949 47.4213329124455 42.1709353347989
6.71875 44.4793263965804 47.1729619585815 41.9395008189353
6.75 44.2407935073815 46.9258918566112 41.7093364180147
6.78125 44.0035398178433 46.6801157932756 41.4804351616337
6.8125 43.767558467898 46.4356269910004 41.2527901176423
6.84375 43.5328426342668 46.1924187077089 41.0263943919344
6.875 43.2993855302629 45.9504842366365 40.8012411282388
6.90625 43.0671804055949 45.7098169061454 40.5773235079113
6.9375 42.8362205461717 45.4704100795408 40.3546347497289
6.96875 42.6064992739084 45.2322571548878 40.1331681096837
7 42.3780099465333 44.9953515648293 39.9129168807793
7.03125 42.1507459573956 44.7596867764052 39.693874392827
7.0625 41.9247007352747 44.5252562908716 39.4760340122444
7.09375 41.6998677441899 44.2920536435226 39.2593891418542
7.125 41.4762404832116 44.0600724035108 39.0439332206844
7.15625 41.253812486273 43.8293061736711 38.8296597237699
7.1875 41.0325773219839 43.5997485903436 38.6165621619545
7.21875 40.8125285934439 43.3713933231981 38.4046340816945
7.25 40.5936599380577 43.14423407506 38.1938690648635
7.28125 40.3759650273514 42.9182645817365 37.9842607285577
7.3125 40.1594375667893 42.6934786118432 37.7758027249028
7.34375 39.9440712955918 42.4698699666334 37.5684887408616
7.375 39.7298599865547 42.2474324798261 37.3623124980431
7.40625 39.5167974458687 42.0261600174368 37.157267752512
7.4375 39.3048775129407 41.8060464776077 36.9533482945999
7.46875 39.0940940602154 41.5870857904398 36.750547948717
7.5 38.8844409929983 41.3692719178254 36.5488605731653
7.53125 38.6759122492794 41.1525988532816 36.3482800599525
7.5625 38.4685017995579 40.9370606217847 36.1488003346069
7.59375 38.2622036466681 40.7226512796054 35.9504153559937
7.625 38.0570118256055 40.5093649141449 35.7531191161319
7.65625 37.8529204033547 40.2971956437718 35.5569056400122
7.6875 37.6499234787179 40.0861376176601 35.3617689854165
7.71875 37.4480151821438 39.8761850156275 35.1677032427373
7.75 37.2471896755587 39.6673320479752 34.9747025347994
7.78125 37.0474411521969 39.4595729553283 34.7827610166814
7.8125 36.848763836433 39.2529020084767 34.591872875539
7.84375 36.6511519836153 39.0473135082172 34.4020323304287
7.875 36.4545998798994 38.8428017851964 34.2132336321331
7.90625 36.2591018420827 38.6393611997546 34.0254710629863
7.9375 36.0646522174407 38.4369861417696 33.8387389367013
7.96875 35.8712453835629 38.2356710305028 33.6530315981972
8 35.678875748191 38.0354103144447 33.4683434234285
8.03125 35.4875377490563 37.836198471162 33.2846688192143
8.0625 35.2972258537195 37.6380300071456 33.1020022230694
8.09375 35.1079345594108 37.4408994576586 32.9203381030352
8.125 34.9196583928701 37.2448013865859 32.7396709575129
8.15625 34.7323919101896 37.0497303862844 32.5599953150963
8.1875 34.5461296966557 36.8556810774335 32.3813057344065
8.21875 34.3608663665929 36.6626481088872 32.2035968039268
8.25 34.1765965632078 36.4706261575263 32.026863141839
8.28125 33.9933149584344 36.2796099281114 31.8510993958605
8.3125 33.8110162527799 36.0895941531374 31.6763002430818
8.34375 33.6296951751715 35.9005735926877 31.5024603898059
8.375 33.4493464828041 35.7125430342902 31.3295745713874
8.40625 33.2699649609884 35.5254972927731 31.1576375520735
8.4375 33.0915454230005 35.3394312101223 30.9866441248452
8.46875 32.9140827099319 35.1543396553388 30.8165891112597
8.5 32.7375716905399 34.9702175242975 30.6474673612935
8.53125 32.5620072610998 34.7870597396064 30.4792737531864
8.5625 32.3873843452568 34.6048612504664 30.3120031932868
8.59375 32.2136978938797 34.4236170325323 30.1456506158966
8.625 32.0409428849145 34.2433220877739 29.9802109831188
8.65625 31.8691143232396 34.0639714443384 29.8156792847042
8.6875 31.698207240521 33.8855601564135 29.6520505378998
8.71875 31.5282166950687 33.7080833040904 29.4893197872982
8.75 31.3591377716941 33.5315359932288 29.3274821046872
8.78125 31.1909655815676 33.3559133553215 29.1665325889007
8.8125 31.0236952620772 33.1812105473603 29.0064663656703
8.84375 30.8573219766883 33.0074227517025 28.8472785874776
8.875 30.6918409148032 32.8345451759378 28.6889644334074
8.90625 30.5272472916228 32.6625730527565 28.5315191090018
8.9375 30.3635363480075 32.4915016398178 28.3749378461148
8.96875 30.20070335034 32.3213262196192 28.2192159027683
9 30.0387435903886 32.152042099366 28.0643485630078
9.03125 29.8776523851704 31.9836446108424 27.9103311367605
9.0625 29.7174250768166 31.8161291102826 27.7571589596924
9.09375 29.5580570324375 31.6494909782425 27.6048273930675
9.125 29.3995436439885 31.4837256194726 27.4533318236073
9.15625 29.241880328137 31.3188284627913 27.3026676633509
9.1875 29.0850625261297 31.1547949609585 27.1528303495164
9.21875 28.929085703661 30.9916205905506 27.0038153443623
9.25 28.7739453507418 30.8293008518355 26.8556181350503
9.28125 28.619636981569 30.6678312686488 26.7082342335086
9.3125 28.4661561343959 30.5072073882699 26.5616591762961
9.34375 28.3134983714033 30.3474247812997 26.4158885244668
9.375 28.1616592785708 30.1884790415382 26.2709178634361
9.40625 28.0106344655496 30.0303657858628 26.1267428028464
9.4375 27.8604195655355 29.873080654108 25.9833589764346
9.46875 27.7110102351422 29.7166193089447 25.8407620418994
9.5 27.5624021542762 29.5609774357607 25.6989476807704
9.53125 27.4145910260118 29.4061507425417 25.557911598277
9.5625 27.2675725764667 29.252134959753 25.4176495232181
9.59375 27.1213425546783 29.0989258402217 25.2781572078332
9.625 26.9758967324813 28.9465191590199 25.1394304276734
9.65625 26.831230904385 28.7949107133475 25.0014649814739
9.6875 26.6873408874518 28.644096322417 24.8642566910262
9.71875 26.5442225211762 28.4940718273378 24.7278014010519
9.75 26.4018716673647 28.3448330910017 24.5920949790769
9.78125 26.260284210016 28.1963759979688 24.457133315306
9.8125 26.1194560552021 28.0486964543538 24.3229123224989
9.84375 25.9793831309496 27.9017903877134 24.1894279358459
9.875 25.8400613871225 27.7556537469339 24.0566761128449
9.90625 25.7014867953045 27.6102825021194 23.9246528331793
9.9375 25.563655348683 27.4656726444807 23.793354098596
9.96875 25.4265630619331 27.3218201862248 23.6627759327843
10 25.2902059711021 27.1787211604449 23.5329143812556
10.03125 25.1545801334954 27.0363716210111 23.4037655112234
10.0625 25.0196816275619 26.8947676424614 23.2753254114847
10.09375 24.8855065527812 26.7539053198936 23.1475901923009
10.125 24.7520510295503 26.6137807688575 23.0205559852805
10.15625 24.619311199072 26.4743901252479 22.8942189432617
10.1875 24.4872832232425 26.335729545198 22.7685752401959
10.21875 24.3559632845413 26.1977952049735 22.6436210710321
10.25 24.2253475859202 26.0605833008668 22.5193526516013
10.28125 24.095432350694 25.9240900490926 22.395766218502
10.3125 23.9662138224308 25.788311685683 22.2728580289865
10.34375 23.8376882648437 25.6532444663845 22.1506243608472
10.375 23.7098519616826 25.5188846665537 22.029061512304
10.40625 23.582701216627 25.3852285810557 21.9081658018922
10.4375 23.4562323531788 25.2522725241609 21.787933568351
10.46875 23.3304417145564 25.1200128294442 21.6683611705128
10.5 23.2053256635884 24.9884458496833 21.5494449871927
10.53125 23.0808805826089 24.8575679567585 21.4311814170786
10.5625 22.9571028733528 24.7273755415525 21.3135668786229
10.59375 22.8339889568517 24.5978650138508 21.1965978099333
10.625 22.7115352733303 24.4690328022428 21.0802706686652
10.65625 22.5897382821037 24.3408753540234 20.9645819319145
10.6875 22.4685944614749 24.2133891350947 20.8495280961108
10.71875 22.3481003086331 24.0865706298691 20.7351056769114
10.75 22.228252339552 23.9604163411716 20.6213112090956
10.78125 22.1090470888897 23.8349227901442 20.5081412464599
10.8125 21.9904811098881 23.7100865161493 20.3955923617137
10.84375 21.8725509742731 23.5859040766745 20.2836611463752
10.875 21.7552532721558 23.4623720472377 20.1723442106685
10.90625 21.638584611934 23.3394870212929 20.0616381834209
10.9375 21.5225416201936 23.2172456101356 19.9515397119606
10.96875 21.4071209416115 23.0956444428101 19.8420454620154
11 21.2923192388585 22.974680166016 19.7331521176115
11.03125 21.1781331925029 22.8543494440161 19.6248563809733
11.0625 21.064559500914 22.734648958544 19.5171549724234
11.09375 20.9515948801674 22.6155754087131 19.4100446302833
11.125 20.8392360639495 22.4971255109252 19.3035221107745
11.15625 20.7274798034633 22.37929599878 19.1975841879207
11.1875 20.6163228673342 22.2620836229853 19.0922276534496
11.21875 20.5057620415169 22.1454851512668 18.9874493166957
11.25 20.3957941292024 22.0294973682799 18.8832460045043
11.28125 20.2864159507254 21.9141170755199 18.7796145611348
11.3125 20.1776243434724 21.7993410912349 18.6765518481654
11.34375 20.0694161617903 21.6851662503371 18.5740547443979
11.375 19.9617882768956 21.5715894043164 18.4721201457633
11.40625 19.8547375767837 21.4586074211527 18.370744965228
11.4375 19.7482609661388 21.3462171852303 18.2699261326997
11.46875 19.6423553662449 21.2344155972514 18.1696605949349
11.5 19.5370177148964 21.1231995741512 18.0699453154465
11.53125 19.4322449663095 21.0125660490122 17.9707772744116
11.5625 19.3280340910344 20.9025119709803 17.8721534685799
11.59375 19.2243820758676 20.7930343051802 17.7740709111834
11.625 19.1212859237647 20.6841300326318 17.6765266318451
11.65625 19.0187426537537 20.5757961501672 17.5795176764896
11.6875 18.916749300849 20.4680296703475 17.4830411072536
11.71875 18.8153029159656 20.3608276213809 17.3870940023966
11.75 18.7144005658338 20.2541870470403 17.291673456213
11.78125 18.6140393329142 20.1481050065818 17.1967765789434
11.8125 18.5142163153138 20.0425785746639 17.1024004966876
11.84375 18.4149286267016 19.9376048412669 17.0085423513172
11.875 18.3161733962255 19.833180911612 16.9151993003895
11.90625 18.217947768429 19.7293039060823 16.8223685170611
11.9375 18.120248903169 19.6259709601426 16.7300471900021
11.96875 18.0230739755332 19.5231792242613 16.6382325233115
12 17.926420175759 19.4209258638308 16.5469217364321
12.03125 17.8302847091516 19.3192080590903 16.4561120640665
12.0625 17.7346647960039 19.2180230050474 16.3658007560932
12.09375 17.6395576715154 19.1173679114009 16.2759850774833
12.125 17.5449605857129 19.017240002464 16.186662308218
12.15625 17.4508708033705 18.9176365170876 16.0978297432059
12.1875 17.3572856039309 18.8185547085843 16.009484692201
12.21875 17.2642022814264 18.7199918446525 15.9216244797217
12.25 17.171618144401 18.6219452073012 15.8342464449693
12.28125 17.0795305158321 18.5244120927748 15.7473479417475
12.3125 16.9879367330536 18.427389811479 15.6609263383825
12.34375 16.8968341476787 18.3308756879062 15.5749790176431
12.375 16.8062201255233 18.2348670605617 15.4895033766615
12.40625 16.7160920465297 18.1393612818908 15.4044968268545
12.4375 16.6264473046912 18.0443557182053 15.3199567938449
12.46875 16.5372833079764 17.9498477496109 15.235880717384
12.5 16.4485974782546 17.8558347699353 15.1522660512736
12.53125 16.3603872512207 17.7623141866562 15.069110263289
12.5625 16.2726500763217 17.6692834208294 14.9864108351024
12.59375 16.1853834166826 17.5767399070183 14.9041652622068
12.625 16.0985847490331 17.4846810932227 14.8223710538396
12.65625 16.0122515636345 17.3931044408086 14.741025732908
12.6875 15.9263813642075 17.3020074244385 14.6601268359131
12.71875 15.8409716678597 17.2113875320009 14.5796719128758
12.75 15.7560200050139 17.1212422645421 14.4996585272627
12.78125 15.6715239193367 17.0315691361964 14.420084255912
12.8125 15.5874809676675 16.9423656741181 14.3409466889601
12.84375 15.5038887199478 16.853629418413 14.262243429769
12.875 15.4207447591509 16.7653579220709 14.1839720948533
12.90625 15.3380466812124 16.6775487508975 14.1061303138083
12.9375 15.25579209496 16.5901994834482 14.0287157292379
12.96875 15.1739786220449 16.5033077109603 13.9517259966838
13 15.0926038968729 16.4168710372875 13.8751587845537
13.03125 15.0116655665359 16.3308870788332 13.7990117740513
13.0625 14.9311612907439 16.2453534644849 13.7232826591059
13.09375 14.8510887417575 16.160267835549 13.6479691463024
13.125 14.7714456043202 16.0756278456857 13.5730689548122
13.15625 14.692229575592 15.9914311608441 13.4985798163238
13.1875 14.6134383650824 15.9076754591981 13.4244994749741
13.21875 14.5350696945843 15.8243584310822 13.3508256872803
13.25 14.4571212981081 15.7414777789278 13.277556222072
13.28125 14.3795909218163 15.6590312172 13.2046888604232
13.3125 14.302476323958 15.5770164723344 13.1322213955856
13.34375 14.2257752748047 15.4954312826744 13.0601516329215
13.375 14.1494855565851 15.4142733984092 12.9884773898374
13.40625 14.0736049634215 15.3335405815111 12.9171964957178
13.4375 13.9981313012658 15.2532306056744 12.8463067918598
13.46875 13.9230623878361 15.1733412562537 12.7758061314071
13.5 13.8483960525537 15.0938703302028 12.7056923792857
13.53125 13.7741301364799 15.0148156360141 12.6359634121389
13.5625 13.7002624922544 14.9361749936581 12.5666171182627
13.59375 13.6267909840323 14.8579462345234 12.4976513975425
13.625 13.553713487423 14.7801272013566 12.429064161389
13.65625 13.4810278894285 14.702715748203 12.360853332675
13.6875 13.4087320883823 14.6257097403475 12.2930168456728
13.71875 13.3368239938887 14.5491070542557 12.2255526459913
13.75 13.2653015267625 14.4729055775151 12.158458690514
13.78125 13.1941626189683 14.3971032087772 12.0917329473369
13.8125 13.1234052135616 14.3216978576994 12.0253733957072
13.84375 13.0530272646285 14.2466874448871 11.9593780259622
13.875 12.983026737227 14.172069901837 11.8937448394678
13.90625 12.9134016073281 14.0978431708793 11.8284718485589
13.9375 12.8441498617572 14.0240052051215 11.7635570764785
13.96875 12.7752694981359 13.9505539683918 11.6989985573179
14 12.7067585248241 13.8774874351829 11.6347943359577
14.03125 12.6386149608624 13.8048035905959 11.570942468008
14.0625 12.570836835915 13.7325004302855 11.5074410197496
14.09375 12.5034221902123 13.6605759604039 11.4442880680758
14.125 12.4363690744949 13.5890281975462 11.381481700434
14.15625 12.3696755499565 13.5178551686956 11.3190200147673
14.1875 12.3033396881883 13.4470549111692 11.2569011194577
14.21875 12.2373595711234 13.3766254725637 11.1951231332683
14.25 12.1717332909806 13.3065649107015 11.1336841852865
14.28125 12.10645895021 13.2368712935771 11.072582414867
14.3125 12.0415346614379 13.1675426993044 11.0118159715761
14.34375 11.976958547412 13.0985772160627 10.9513830151352
14.375 11.9127287409474 13.0299729420449 10.891281715365
14.40625 11.8488433848724 12.9617279854045 10.8315102521305
14.4375 11.7853006319751 12.8938404642038 10.7720668152853
14.46875 11.7220986449496 12.8263085063616 10.7129496046175
14.5 11.659235596343 12.7591302496019 10.6541568297944
14.53125 11.596709668503 12.6923038414024 10.595686710309
14.5625 11.5345190535246 12.6258274389436 10.5375374754254
14.59375 11.4726619531984 12.5596992090576 10.4797073641258
14.625 11.4111365789583 12.493917328178 10.4221946250567
14.65625 11.3499411518299 12.4284799822893 10.3649975164762
14.6875 11.2890739023792 12.3633853668768 10.3081143062009
14.71875 11.228533070661 12.2986316868774 10.2515432715539
14.75 11.1683169061685 12.2342171566293 10.1952826993121
14.78125 11.1084236677826 12.1701399998235 10.1393308856547
14.8125 11.0488516237211 12.1063984494543 10.0836861361117
14.84375 10.9895990514893 12.0429907477707 10.0283467655119
14.875 10.9306642378297 11.9799151462282 9.97331109793267
14.90625 10.8720454786726 11.9171699054402 9.91857746664888
14.9375 10.8137410790869 11.8547532951303 9.86414421408224
14.96875 10.7557493532311 11.7926635940843 9.81000969175137
15 10.6980686243044 11.7308990901032 9.75617226022172
15.03125 10.6406972244983 11.6694580799555 9.70263028905601
15.0625 10.5836334949485 11.6083388693305 9.64938215676479
15.09375 10.5268757856869 11.5475397727915 9.59642625075737
15.125 10.4704224555935 11.4870591137293 9.54376096729299
15.15625 10.4142718723496 11.4268952243161 9.4913847114322
15.1875 10.35842241239 11.3670464454594 9.43929589698863
15.21875 10.3028724608566 11.3075111267562 9.3874929464809
15.25 10.2476204115512 11.2482876264474 9.33597429108485
15.28125 10.1926646668894 11.1893743113731 9.28473837058607
15.3125 10.1380036378542 11.1307695569266 9.23378363333261
15.34375 10.0836357439504 11.0724717470106 9.18310853618799
15.375 10.0295594131582 11.0144792739918 9.13271154448451
15.40625 9.9757730818887 10.9567905386573 9.0825911319767
15.4375 9.92227519493783 10.8994039501698 9.03274578079517
15.46875 9.86906420544191 10.8423179260243 8.9831739814006
15.5 9.81613857483268 10.7855308920041 8.93387423253805
15.53125 9.76349677279292 10.7290412821375 8.88484504119146
15.5625 9.71113727721214 10.6728475386548 8.83608492253848
15.59375 9.65905857414262 10.6169481119449 8.78759239990547
15.625 9.6072591577556 10.5613414605132 8.73936600472279
15.65625 9.55573753029774 10.5060260509385 8.69140427648032
15.6875 9.50449220204783 10.451000357831 8.64370576268324
15.71875 9.45352169127372 10.39626286379 8.59626901880803
15.75 9.40282452418945 10.3418120593627 8.54909260825875
15.78125 9.35239923491266 10.2876464430016 8.50217510232349
15.8125 9.30224436542219 10.2337645210239 8.45551508013113
15.84375 9.25235846551593 10.1801648075701 8.4091111286083
15.875 9.20274009276889 10.1268458245626 8.36296184243662
15.90625 9.15338781249149 10.0738061016657 8.31706582401007
15.9375 9.10430019768807 10.0210441762442 8.27142168339274
15.96875 9.05547582901565 9.96855859332394 8.22602803827668
16 9.00691329474284 9.9163479055509 8.18088351394006
