-1 0.35322690848236
-0.894736842105263 0.309802259625527
-0.789473684210526 0.124837110617201
-0.684210526315789 -0.179854467282462
-0.578947368421053 -0.521775260580296
-0.473684210526316 -0.778546959604401
-0.368421052631579 -0.834212341288874
-0.263157894736842 -0.632604991636986
-0.157894736842105 -0.211597087256371
-0.0526315789473685 0.301971142652196
0.0526315789473684 0.738545534638979
0.157894736842105 0.953842159707218
0.263157894736842 0.886951458303233
0.368421052631579 0.581374974294357
0.473684210526316 0.160599186123614
0.578947368421053 -0.227654398899546
0.684210526315789 -0.4705301385085
0.789473684210526 -0.526107340970266
0.894736842105263 -0.42454349264334
1 -0.240462049968584


-1 0.339681196784524 0.999924731400748 -1.54776440041176
-0.984375 0.352584076585325 0.651659441324895 -1.4863185728677
-0.96875 0.360056541029016 0.305493477259087 -1.42391161609714
-0.953125 0.362161579457478 -0.0347649120307063 -1.36117203357065
-0.9375 0.359018928049468 -0.365669143185046 -1.29871556190928
-0.921875 0.350799046432899 -0.684179480029137 -1.23713876404436
-0.90625 0.337716506029807 -0.987693078898141 -1.17701338900625
-0.890625 0.320023028543387 -1.27405874503166 -1.11888155770728
-0.875 0.298000411172649 -1.54157678147289 -1.0632518061705
-0.859375 0.271953565233415 -1.78898480957593 -1.01059599036213
-0.84375 0.242203877576223 -2.01543088480941 -0.96134703101087
-0.828125 0.209083080463583 -2.22043560924332 -0.915897453341728
-0.8125 0.172927786531907 -2.40384524252905 -0.874598656197767
-0.796875 0.134074812382404 -2.5657780295516 -0.83776082810831
-0.78125 0.0928573785630402 -2.70656609208663 -0.805653414875164
-0.765625 0.0496022365849019 -2.8266952740374 -0.778506034419794
-0.75 0.00462773649591602 -2.9267452886283 -0.756509730038619
-0.734375 -0.0417571873289301 -3.00733239751647 -0.739818452776369
-0.71875 -0.0892531679859725 -3.06905666464021 -0.72855066713743
-0.703125 -0.13756978130384 -3.11245558196945 -0.722790981479962
-0.6875 -0.186424256288032 -3.13796557155435 -0.722591714743277
-0.671875 -0.235539653452752 -3.14589254042582 -0.727974324130654
-0.65625 -0.284642659409257 -3.13639231418612 -0.738930633433977
-0.640625 -0.333461156164896 -3.10946141346473 -0.755423818233646
-0.625 -0.381721728009576 -3.06493827610568 -0.777389121612128
-0.609375 -0.429147267714573 -3.0025146773907 -0.80473429166289
-0.59375 -0.47545483728452 -2.92175677008273 -0.837339749361662
-0.578125 -0.520353927064902 -2.82213486366489 -0.875058511737041
-0.5625 -0.563545241108345 -2.70306079463578 -0.917715910227559
-0.546875 -0.604720116933218 -2.56393151259621 -0.965109157201526
-0.53125 -0.64356066483346 -2.40417732435901 -1.01700682447479
-0.515625 -0.679740686441269 -2.2233131034616 -1.07314830599849
-0.5 -0.712927405065362 -2.02099068715059 -1.13324334249402
-0.484375 -0.742784012208646 -1.79705064796145 -1.19697168855822
-0.46875 -0.768973006397065 -1.55157164224673 -1.26398300260507
-0.453125 -0.791160272802553 -1.28491560226655 -1.33389703698691
-0.4375 -0.809019825868285 -0.997767149678596 -1.40630419986334
-0.421875 -0.822239112955892 -0.69116576348737 -1.48076655204759
-0.40625 -0.830524755590264 -0.36652943089656 -1.55681929141158
-0.390625 -0.833608586770348 -0.0256687403614257 -1.63397276478797
-0.375 -0.831253828555765 0.32920936305572 -1.71171503303538
-0.359375 -0.823261244149172 0.695508655460423 -1.78951499944123
-0.34375 -0.809475093288772 1.07026173934759 -1.86682609536583
-0.328125 -0.789788719145681 1.45015906042676 -1.94309050044586
-0.3125 -0.76414959916567 1.83158840909356 -2.01774385824655
-0.296875 -0.732563701353734 2.21068417590806 -2.09022043245254
-0.28125 -0.695099001190518 2.58338534268075 -2.15995863397382
-0.265625 -0.65188803237755 2.94550092728007 -2.2264068361458
-0.25 -0.603129366491245 3.2927813690223 -2.28902938391355
-0.234375 -0.549087941822179 3.6209941497833 -2.34731269385216
-0.21875 -0.490094189517234 3.92600180014751 -2.40077133536942
-0.203125 -0.426541934868734 4.20384034516017 -2.44895397967691
-0.1875 -0.358885082377148 4.4507962043284 -2.49144910223901
-0.171875 -0.28763312417677 4.66347957756715 -2.52789032646996
-0.15625 -0.213345541661409 4.83889242319197 -2.55796130142126
-0.140625 -0.136625198792313 4.97448926437219 -2.58140001397044
-0.125 -0.0581108517631327 5.06822924337502 -2.59800244639533
-0.109375 0.0215310773477099 5.11861807336728 -2.60762550292269
-0.09375 0.101615296280272 5.12473880875289 -2.6101891435374
-0.078125 0.181446826472069 5.08627065881621 -2.60567767962848
-0.0625 0.260330384350847 5.00349539643346 -2.59414020348409
-0.046875 0.337579764921372 4.87729125355736 -2.57569014175068
-0.03125 0.412527033511561 4.70911453732074 -2.55050394124137
-0.015625 0.484531337820596 4.50096953406656 -2.51881891341669
0 0.552987163762167 4.2553675827928 -2.48093028097663
0.015625 0.617331874639649 3.97527648446061 -2.43718748583919
0.03125 0.677052393398968 3.6640616604356 -2.38798983191899
0.046875 0.731690911422322 3.32542067444596 -2.33378154820121
0.0625 0.78084953378863 2.96331288189559 -2.27504636733519
0.078125 0.824193799292881 2.58188606403507 -2.21230172213295
0.09375 0.861455042894997 2.18540194019508 -2.14609266681127
0.109375 0.892431597749943 1.77816242886249 -2.07698563151182
0.125 0.916988862658002 1.36443844965427 -2.00556211760328
0.140625 0.935058287814497 0.948402926934872 -1.93241243762833
0.15625 0.946635356350377 0.534069477365357 -1.85812959769733
0.171875 0.951776660654738 0.12523804499484 -1.78330341191022
0.1875 0.950596190291289 -0.274551503255683 -1.70851492832693
0.203125 0.943260962031236 -0.662057082682066 -1.63433123447004
0.21875 0.929986131839177 -1.03436294471706 -1.56130069773033
0.234375 0.911029733432136 -1.38889891894113 -1.48994868277459
0.25 0.886687188302357 -1.72345046753197 -1.42077377454991
0.265625 0.857285728016592 -2.03615994654094 -1.35424452215364
0.28125 0.823178861479967 -2.325519715023 -1.29079670608741
0.296875 0.784741008105239 -2.59035794897699 -1.23083111959484
0.3125 0.742362402987304 -2.82981819622496 -1.17471184420986
0.328125 0.696444362860568 -3.04333384614718 -1.12276499057618
0.34375 0.647394982486121 -3.23059878149156 -1.07527786823756
0.359375 0.595625310885636 -3.39153552676985 -1.03249854257761
0.375 0.541546036230063 -3.52626220908501 -0.994635733474744
0.390625 0.485564687911411 -3.63505960416627 -0.961859008531889
0.40625 0.428083345047408 -3.71833945589241 -0.934299223877528
0.421875 0.369496823007463 -3.77661513589549 -0.912049167389502
0.4375 0.310191294044845 -3.81047555627946 -0.895164362585582
0.453125 0.250543285224994 -3.82056306926342 -0.883663996130119
0.46875 0.190918986901346 -3.80755588952538 -0.877531937660166
0.484375 0.131673798245668 -3.77215536545804 -0.876717827147286
0.5 0.0731520329114131 -3.71507821190939 -0.881138211975346
0.515625 0.0156867078018054 -3.63705360666674 -0.890677723017553
0.53125 -0.0404006589788624 -3.53882485306482 -0.905190285930018
0.546875 -0.0948003088072835 -3.42115512826524 -0.924500370352616
0.5625 -0.147214620883648 -3.28483667688005 -0.948404285454386
0.578125 -0.197358656186994 -3.13070267774271 -0.976671535047853
0.59375 -0.244960902106417 -2.95964091180116 -1.0090462491337
0.609375 -0.289764238632023 -2.7726082942366 -1.04524871108096
0.625 -0.331527132081826 -2.57064530571247 -1.08497700060642
0.640625 -0.370025047282967 -2.35488936660665 -1.12790877225352
0.65625 -0.40505205449349 -2.12658624340081 -1.17370318720264
0.671875 -0.436422593699027 -1.88709865610744 -1.2220030130428
0.6875 -0.463973346761093 -1.63791136656907 -1.27243690172259
0.703125 -0.487565157687309 -1.38063216548952 -1.32462185044173
0.71875 -0.507084933423023 -1.11698833606947 -1.37816584395521
0.734375 -0.522447452327465 -0.848818348300277 -1.43267066987704
0.75 -0.533597005099228 -0.578058723958779 -1.48773489135715
0.765625 -0.540508793456812 -0.30672620145315 -1.54295695423974
0.78125 -0.543190015355798 -0.0368955151052879 -1.59793839877848
0.796875 -0.541680571825358 0.229326721436484 -1.65228713945958
0.8125 -0.536053339421937 0.489831379467407 -1.70562077073066
0.828125 -0.526413963522315 0.74253864281145 -1.75756985168652
0.84375 -0.512900140823474 0.985431405387474 -1.80778111922646
0.859375 -0.495680374025756 1.21658926759571 -1.85592057703348
0.875 -0.474952197238525 1.43422211648277 -1.90167640704842
0.890625 -0.450939886619612 1.63670226628697 -1.94476165098715
0.90625 -0.423891686582188 1.82259416342515 -1.98491661188707
0.921875 -0.394076597021915 1.99068072225029 -2.02191092962762
0.9375 -0.361780780905553 2.13998545271409 -2.05554528975413
0.953125 -0.327303663736755 2.26978966496265 -2.08565273160058
0.96875 -0.290953806454844 2.37964418438287 -2.11209952946761
0.984375 -0.253044640884605 2.46937517833574 -2.13478562924243
