-3 0.0497870683678641
-2.96875 0.0513674795672508
-2.9375 0.0529980584033558
-2.90625 0.0546803973679146
-2.875 0.0564161395037773
-2.84375 0.058206980009572
-2.8125 0.0600546678953081
-2.78125 0.061961007690532
-2.75 0.0639278612067076
-2.71875 0.065957149355538
-2.6875 0.06805085402501
-2.65625 0.0702110200149883
-2.625 0.0724397570342513
-2.59375 0.0747392417609255
-2.5625 0.0771117199683169
-2.53125 0.0795595087182275
-2.5 0.0820849986238988
-2.46875 0.0846906561847808
-2.4375 0.0873790261954208
-2.40625 0.0901527342308166
-2.375 0.0930144892106636
-2.34375 0.0959670860449985
-2.3125 0.099013408363826
-2.28125 0.102156431333395
-2.25 0.105399224561864
-2.21875 0.108744955097221
-2.1875 0.112196890520344
-2.15625 0.115758402136263
-2.125 0.11943296826672
-2.09375 0.123224177647237
-2.0625 0.127135732932035
-2.03125 0.131171454310194
-2 0.135335283236613
-1.96875 0.139631286281399
-1.9375 0.144063659101453
-1.90625 0.148636730538122
-1.875 0.153354966844929
-1.84375 0.158222976049499
-1.8125 0.163245512453958
-1.78125 0.168427481278184
-1.75 0.173773943450445
-1.71875 0.179290120550119
-1.6875 0.184981399907304
-1.65625 0.190853339864316
-1.625 0.196911675204194
-1.59375 0.203162322751532
-1.5625 0.209611387151098
-1.53125 0.216265166829888
-1.5 0.22313016014843
-1.46875 0.230213071747361
-1.4375 0.237520819095458
-1.40625 0.245060539245526
-1.375 0.252839595804746
-1.34375 0.260865586126285
-1.3125 0.269146348729184
-1.28125 0.27768997095379
-1.25 0.28650479686019
-1.21875 0.295599435377371
-1.1875 0.30498276871106
-1.15625 0.314663961018459
-1.125 0.32465246735835
-1.09375 0.334958042925295
-1.0625 0.345590752576975
-1.03125 0.356560980663947
-1 0.367879441171442
-0.96875 0.37955718818309
-0.9375 0.391605626676799
-0.90625 0.404036523663342
-0.875 0.416862019678509
-0.84375 0.430094640640062
-0.8125 0.44374731008108
-0.78125 0.457833361771615
-0.75 0.472366552741015
-0.71875 0.487361076713619
-0.6875 0.502831577970941
-0.65625 0.518793165653889
-0.625 0.53526142851899
-0.59375 0.552252450163021
-0.5625 0.569782824730923
-0.53125 0.587869673122347
-0.5 0.606530659712634
-0.46875 0.625784009604591
-0.4375 0.645648526427892
-0.40625 0.666143610703488
-0.375 0.687289278790972
-0.34375 0.709106182437398
-0.3125 0.731615628946642
-0.28125 0.754839601989007
-0.25 0.778800783071405
-0.21875 0.803522573689061
-0.1875 0.8290291181804
-0.15625 0.855345327307423
-0.125 0.882496902584595
-0.09375 0.910510361380034
-0.0625 0.939413062813476
-0.03125 0.969233234476344
0 1
0.03125 1.0317434074991
0.0625 1.06449445891786
0.09375 1.09828514030783
0.125 1.13314845306683
0.15625 1.1691184461695
0.1875 1.20623024942098
0.21875 1.2445201077661
0.25 1.28402541668774
0.28125 1.32478475872887
0.3125 1.3668379411738
0.34375 1.41022603492571
0.375 1.4549914146182
0.40625 1.50117780000012
0.4375 1.54883029863413
0.46875 1.59799544995063
0.5 1.64872127070013
0.53125 1.7010573018484
0.5625 1.7550546569603
0.59375 1.81076607211939
0.625 1.86824595743222
0.65625 1.92755045016755
0.6875 1.98873746958229
0.71875 2.05186677348798
0.75 2.11700001661267
0.78125 2.18420081081562
0.8125 2.25353478721321
0.84375 2.32506966027712
0.875 2.3988752939671
0.90625 2.47502376996303
0.9375 2.55358945806293
0.96875 2.63464908881563
1 2.71828182845904
1.03125 2.80456935623723
1.0625 2.89359594417176
1.09375 2.98544853936535
1.125 3.08021684891803
1.15625 3.17799342753884
1.1875 3.27887376793867
1.21875 3.38295639409246
1.25 3.49034295746184
1.28125 3.60113833627217
1.3125 3.71545073794111
1.34375 3.83339180475841
1.375 3.95507672292058
1.40625 4.08062433502646
1.4375 4.21015725614396
1.46875 4.34380199356104
1.5 4.48168907033806
1.53125 4.62395315278207
1.5625 4.77073318196759
1.59375 4.92217250943228
1.625 5.07841903718008
1.65625 5.2396253621285
1.6875 5.40594892514117
1.71875 5.57755216479126
1.75 5.75460267600572
1.78125 5.93727337374561
1.8125 6.12574266188199
1.84375 6.32019460743274
1.875 6.52081912033011
1.90625 6.72781213889469
1.9375 6.94137582119703
1.96875 7.1617187424937
2 7.38905609893065
2.03125 7.62360991771274
2.0625 7.8656092739449
2.09375 8.11529051435648
2.125 8.37289748812726
2.15625 8.63868178504113
2.1875 8.91290298119872
2.21875 9.1958288925309
2.25 9.48773583635852
2.28125 9.78890890125587
2.3125 10.0996422254801
2.34375 10.4202392842386
2.375 10.7510131860763
2.40625 11.0922869786702
2.4375 11.4443939643311
2.46875 11.8076780255211
2.5 12.1824939607035
2.53125 12.5692078308535
2.5625 12.9681973169691
2.59375 13.3798520889305
2.625 13.8045741860671
2.65625 14.242778409807
2.6875 14.694892728789
2.71875 15.1613586968345
2.75 15.6426318841882
2.78125 16.1391823224464
2.8125 16.6514949636101
2.84375 17.1800701537093
2.875 17.7254241214617
2.90625 18.2880894824437
2.9375 18.8686157592649
2.96875 19.4675699182552
3 20.0855369231876
