----------------------------------------------
Randomly generated square matrix (8x8):

         4          5          5          6          7          5          4          3 
         1          7          5          2          3          5          5          3 
         3          6          3          7          5          3          3          4 
         2          5          6          7          2          4          4          6 
         1          4          7          2          1          2          1          1 
         2          6          5          5          5          6          2          5 
         1          2          5          6          4          4          3          1 
         2          1          4          2          6          4          2          4 
----------------------------------------------
Inverse A^-1:

     0.687     -0.185     -0.408       0.21   -0.00862     0.0356     -0.341      -0.24 
   -0.0964     0.0827       0.18     -0.118     0.0666     0.0498    -0.0479    -0.0607 
   -0.0584    -0.0192    0.00384    0.00968      0.174    -0.0817     0.0286     0.0912 
   -0.0499    -0.0828     0.0761     0.0299    -0.0335     0.0279      0.136    -0.0819 
    -0.256     0.0583      0.321     -0.223     0.0484    -0.0978      0.107      0.246 
       0.3    -0.0411      -0.45      0.076     -0.165      0.331    0.00626     -0.233 
    0.0295      0.183   0.000726      0.091    -0.0995     -0.272     0.0433     0.0578 
    -0.166    -0.0056     0.0855      0.113    -0.0271    -0.0109     -0.102       0.17 
----------------------------------------------
Checking that A*A^-1 is the identity matrix:

         1   4.16e-17   3.33e-16   2.78e-16  -1.39e-16   2.36e-16   2.22e-16          0 
    -5e-16          1   3.33e-16  -5.55e-17   3.05e-16  -2.08e-16  -5.55e-17          0 
 -4.44e-16    3.5e-16          1   2.22e-16   8.33e-17  -1.67e-16  -2.78e-16   2.22e-16 
 -3.33e-16  -1.39e-16   2.22e-16          1   5.55e-17   2.78e-17   2.22e-16   2.22e-16 
 -5.55e-16   2.54e-16      5e-16  -5.55e-17          1   9.71e-17  -4.16e-17          0 
  1.11e-16  -6.25e-17  -4.44e-16   2.22e-16    2.5e-16          1   3.33e-16          0 
  1.39e-16  -2.34e-17  -2.08e-16   2.22e-16  -6.94e-18   2.64e-16          1          0 
 -4.44e-16   1.28e-16   3.33e-16   1.67e-16  -1.94e-16   5.55e-17          0          1 

This is in fact (approximately) an identity matrix!
----------------------------------------------
Testing (approx method of the matrix class) that A*A^-1 is I:
A*A^-1 is approximately equal to I: True
----------------------------------------------
