-1 0.35322690848236
-0.894736842105263 0.309802259625527
-0.789473684210526 0.124837110617201
-0.684210526315789 -0.179854467282462
-0.578947368421053 -0.521775260580296
-0.473684210526316 -0.778546959604401
-0.368421052631579 -0.834212341288874
-0.263157894736842 -0.632604991636986
-0.157894736842105 -0.211597087256371
-0.0526315789473685 0.301971142652196
0.0526315789473684 0.738545534638979
0.157894736842105 0.953842159707218
0.263157894736842 0.886951458303233
0.368421052631579 0.581374974294357
0.473684210526316 0.160599186123614
0.578947368421053 -0.227654398899546
0.684210526315789 -0.4705301385085
0.789473684210526 -0.526107340970266
0.894736842105263 -0.42454349264334
1 -0.240462049968584


-1 0.339681196784524
-0.984375 0.352584076585325
-0.96875 0.360056541029016
-0.953125 0.362161579457478
-0.9375 0.359018928049468
-0.921875 0.350799046432899
-0.90625 0.337716506029807
-0.890625 0.320023028543387
-0.875 0.298000411172649
-0.859375 0.271953565233415
-0.84375 0.242203877576223
-0.828125 0.209083080463583
-0.8125 0.172927786531907
-0.796875 0.134074812382404
-0.78125 0.0928573785630402
-0.765625 0.0496022365849019
-0.75 0.00462773649591602
-0.734375 -0.0417571873289301
-0.71875 -0.0892531679859725
-0.703125 -0.13756978130384
-0.6875 -0.186424256288032
-0.671875 -0.235539653452752
-0.65625 -0.284642659409257
-0.640625 -0.333461156164896
-0.625 -0.381721728009576
-0.609375 -0.429147267714573
-0.59375 -0.47545483728452
-0.578125 -0.520353927064902
-0.5625 -0.563545241108345
-0.546875 -0.604720116933218
-0.53125 -0.64356066483346
-0.515625 -0.679740686441269
-0.5 -0.712927405065362
-0.484375 -0.742784012208646
-0.46875 -0.768973006397065
-0.453125 -0.791160272802553
-0.4375 -0.809019825868285
-0.421875 -0.822239112955892
-0.40625 -0.830524755590264
-0.390625 -0.833608586770348
-0.375 -0.831253828555765
-0.359375 -0.823261244149172
-0.34375 -0.809475093288772
-0.328125 -0.789788719145681
-0.3125 -0.76414959916567
-0.296875 -0.732563701353734
-0.28125 -0.695099001190518
-0.265625 -0.65188803237755
-0.25 -0.603129366491245
-0.234375 -0.549087941822179
-0.21875 -0.490094189517234
-0.203125 -0.426541934868734
-0.1875 -0.358885082377148
-0.171875 -0.28763312417677
-0.15625 -0.213345541661409
-0.140625 -0.136625198792313
-0.125 -0.0581108517631327
-0.109375 0.0215310773477099
-0.09375 0.101615296280272
-0.078125 0.181446826472069
-0.0625 0.260330384350847
-0.046875 0.337579764921372
-0.03125 0.412527033511561
-0.015625 0.484531337820596
0 0.552987163762167
0.015625 0.617331874639649
0.03125 0.677052393398968
0.046875 0.731690911422322
0.0625 0.78084953378863
0.078125 0.824193799292881
0.09375 0.861455042894997
0.109375 0.892431597749943
0.125 0.916988862658002
0.140625 0.935058287814497
0.15625 0.946635356350377
0.171875 0.951776660654738
0.1875 0.950596190291289
0.203125 0.943260962031236
0.21875 0.929986131839177
0.234375 0.911029733432136
0.25 0.886687188302357
0.265625 0.857285728016592
0.28125 0.823178861479967
0.296875 0.784741008105239
0.3125 0.742362402987304
0.328125 0.696444362860568
0.34375 0.647394982486121
0.359375 0.595625310885636
0.375 0.541546036230063
0.390625 0.485564687911411
0.40625 0.428083345047408
0.421875 0.369496823007463
0.4375 0.310191294044845
0.453125 0.250543285224994
0.46875 0.190918986901346
0.484375 0.131673798245668
0.5 0.0731520329114131
0.515625 0.0156867078018054
0.53125 -0.0404006589788624
0.546875 -0.0948003088072835
0.5625 -0.147214620883648
0.578125 -0.197358656186994
0.59375 -0.244960902106417
0.609375 -0.289764238632023
0.625 -0.331527132081826
0.640625 -0.370025047282967
0.65625 -0.40505205449349
0.671875 -0.436422593699027
0.6875 -0.463973346761093
0.703125 -0.487565157687309
0.71875 -0.507084933423023
0.734375 -0.522447452327465
0.75 -0.533597005099228
0.765625 -0.540508793456812
0.78125 -0.543190015355798
0.796875 -0.541680571825358
0.8125 -0.536053339421937
0.828125 -0.526413963522315
0.84375 -0.512900140823474
0.859375 -0.495680374025756
0.875 -0.474952197238525
0.890625 -0.450939886619612
0.90625 -0.423891686582188
0.921875 -0.394076597021915
0.9375 -0.361780780905553
0.953125 -0.327303663736755
0.96875 -0.290953806454844
0.984375 -0.253044640884605
