0.001 6.9071788744548
0.03225 3.41646428276657
0.0635 2.72328016161074
0.09475 2.30888549450777
0.126 2.01106237881219
0.15725 1.77807855465342
0.1885 1.58669131338981
0.21975 1.42442740550533
0.251 1.28380363880305
0.28225 1.15997020277893
0.3135 1.04959989387749
0.34475 0.950307849301426
0.376 0.860324048710293
0.40725 0.778296955645994
0.4385 0.703169912395615
0.46975 0.634100147582931
0.501 0.570403889149289
0.53225 0.511518086642715
0.5635 0.456973048305134
0.59475 0.40637245429199
0.626 0.359378478016056
0.65725 0.315700522094836
0.6885 0.275086561566402
0.71975 0.237316400315558
0.751 0.202196353271891
0.78225 0.169555006098283
0.8135 0.139239799596509
0.84475 0.111114252742903
0.876 0.0850556855628066
0.90725 0.0609533370814426
0.9385 0.0387067983962726
0.96975 0.0182246992235534
1.001 -0.000576404527333583
1.03225 -0.0177729529737822
1.0635 -0.0334352114727507
1.09475 -0.0476279405118363
1.126 -0.0604109932184676
1.15725 -0.0718398287481704
1.1885 -0.0819659587042638
1.21975 -0.0908373369115162
1.251 -0.098498701047303
1.28225 -0.104991873173434
1.3135 -0.110356025031675
1.34475 -0.1146279130073
1.376 -0.117842086881949
1.40725 -0.120031075853989
1.4385 -0.121225554774285
1.46975 -0.121454493105631
1.501 -0.120745288747983
1.53225 -0.119123888565833
1.5635 -0.116614897197172
1.59475 -0.11324167550708
1.626 -0.109026429865982
1.65725 -0.103990293277311
1.6885 -0.098153399247025
1.71975 -0.0915349491742941
1.751 -0.0841532739461117
1.78225 -0.0760258903348628
1.8135 -0.0671695527265357
1.84475 -0.0576003006448345
1.876 -0.047333502482939
1.90725 -0.0363838958075148
1.9385 -0.024765624559301
1.96975 -0.0124922734385071
2.001 0.00042309580574984
2.03225 0.0139679328102803
2.0635 0.028130144185404
2.09475 0.0428980861875343
2.126 0.058260536499031
2.15725 0.0742066721810724
2.1885 0.0907260491138476
2.21975 0.107808582802293
2.251 0.125444530437471
2.28225 0.143624474113807
2.3135 0.162339305111782
2.34475 0.181580209163915
2.376 0.201338652629203
2.40725 0.22160636950801
2.4385 0.242375349235181
2.46975 0.263637825194596
2.501 0.285386263903342
2.53225 0.307613354817871
2.5635 0.330312000718586
2.59475 0.353475308632847
2.626 0.377096581259637
2.65725 0.401169308862053
2.6885 0.42568716159646
2.71975 0.450643982249692
2.751 0.476033779357603
2.78225 0.501850720680738
2.8135 0.528089127014284
2.84475 0.554743466311505
2.876 0.581808348101094
2.90725 0.609278518180687
2.9385 0.637148853569546
2.96975 0.665414357705153
3.001 0.694070151407346
3.03225 0.723111486454825
3.0635 0.752533714395903
3.09475 0.782332300698793
3.126 0.812502816418787
3.15725 0.843040934587352
3.1885 0.873942426762661
3.21975 0.905203159732592
3.251 0.936819092362066
3.28225 0.96878627257686
3.3135 1.0011008344767
3.34475 1.03375899557083
3.376 1.0667570541296
3.40725 1.10009138664627
3.4385 1.13375844540315
3.46975 1.16775475613704
3.501 1.20207691579882
3.53225 1.23672159040264
3.5635 1.2716855129602
3.59475 1.30696548149611
3.626 1.34255835714024
3.65725 1.37846106229361
3.6885 1.41467057886406
3.71975 1.45118394656875
3.751 1.48799826130004
3.78225 1.52511067355214
3.8135 1.56251838690548
3.84475 1.60021865656649
3.876 1.63820878795989
3.90725 1.6764861353717
3.9385 1.71504810064011
3.96975 1.75389213189267
4.001 1.79301571786558
4.03225 1.83241640466168
4.0635 1.87209176757948
4.09475 1.91203942812858
4.126 1.95225704841807
4.15725 1.99274233013149
4.1885 2.03349301353585
4.21975 2.07450687652323
4.251 2.11578173368383
4.28225 2.15731543540894
4.3135 2.19910586702284
4.34475 2.24115094794242
4.376 2.28344863086331
4.40725 2.32599690097175
4.4385 2.3687937751809
4.46975 2.41183730139085
4.501 2.45512555777135
4.53225 2.49865665206642
4.5635 2.54242872091999
4.59475 2.58643992922182
4.626 2.6306884694729
4.65725 2.67517256116967
4.6885 2.71989045020628
4.71975 2.76484040829442
4.751 2.81002073239979
4.78225 2.85542974419494
4.8135 2.90106578952764
4.84475 2.94692723790438
4.876 2.99301248198841
4.90725 3.03931993711187
4.9385 3.08584804080136
4.96975 3.13259525231673
5.001 3.17956004774067
5.03225 3.22674093747683
5.0635 3.2741364387906
5.09475 3.32174509350893
5.126 3.36956546306713
5.15725 3.41759612811738
5.1885 3.46583568814758
5.21975 3.51428276111013
5.251 3.56293598306049
5.28225 3.6117940078049
5.3135 3.66085550655734
5.34475 3.71011916760512
5.376 3.75958369598299
5.40725 3.80924781315547
5.4385 3.85911025670714
5.46975 3.90916978004065
5.501 3.95942515208215
5.53225 4.00987515699406
5.5635 4.06051859389479
5.59475 4.11135427658527
5.626 4.16238103328215
5.65725 4.21359770635735
5.6885 4.26500315208382
5.71975 4.31659624038743
5.751 4.36837585460458
5.78225 4.42034089124557
5.8135 4.47249025976352
5.84475 4.5248228823286
5.876 4.57733769360744
5.90725 4.63003364054769
5.9385 4.6829096821674
5.96975 4.73596478934923
