-5.1 0.0713672779724467
-5.06875 0.1085929791398
-5.0375 0.208906239089936
-5.00625 1.31927133317074
-4.975 -0.348196677317903
-4.94375 -0.163875036710744
-4.9125 -0.111898634096703
-4.88125 -0.0878487729342534
-4.85 -0.0743312536836997
-4.81875 -0.0659567295944357
-4.7875 -0.0605151819359224
-4.75625 -0.0569396159209777
-4.725 -0.0546585568608185
-4.69375 -0.0533454639931243
-4.6625 -0.0528079478557056
-4.63125 -0.0529340454983874
-4.6 -0.053664596720617
-4.56875 -0.0549788115073068
-4.5375 -0.0568872406501426
-4.50625 -0.0594295014013623
-4.475 -0.0626756844095322
-4.44375 -0.0667313341342714
-4.4125 -0.071746710662275
-4.38125 -0.0779320252375
-4.35 -0.0855818723321308
-4.31875 -0.0951148165615375
-4.2875 -0.107139413768457
-4.25625 -0.122569048045889
-4.225 -0.142832907233665
-4.19375 -0.17029153652445
-4.1625 -0.209132285966395
-4.13125 -0.267544419861221
-4.1 -0.363973117659478
-4.06875 -0.550430663014862
-4.0375 -1.05236517941555
-4.00625 -6.60460211168597
-3.975 1.73227846965657
-3.94375 0.810157212738742
-3.9125 0.549702040000054
-3.88125 0.428811822885325
-3.85 0.360506580365944
-3.81875 0.317828990733187
-3.7875 0.289716433518228
-3.75625 0.27081904822415
-3.725 0.258261681167367
-3.69375 0.250390271617727
-3.6625 0.246217056877227
-3.63125 0.245150798214407
-3.6 0.246857144914838
-3.56875 0.251184445074008
-3.5375 0.258125854450022
-3.50625 0.267804190689889
-3.475 0.280473687732657
-3.44375 0.296537366059169
-3.4125 0.316582360797289
-3.38125 0.341439685571797
-3.35 0.372281144644769
-3.31875 0.41077711402514
-3.2875 0.459360236532261
-3.25625 0.521684510745317
-3.225 0.603469033062234
-3.19375 0.714160131299413
-3.1625 0.87051314033512
-3.13125 1.10529288455167
-3.1 1.49228978240386
-3.06875 2.23956476014172
-3.0375 4.24892441189028
-3.00625 26.4596872099418
-2.975 -6.88580691688488
-2.94375 -3.19505750773842
-2.9125 -2.15070923150021
-2.88125 -1.66432588757367
-2.85 -1.38795033440888
-2.81875 -1.21370945836236
-2.7875 -1.09730099195029
-2.75625 -1.01726404989196
-2.725 -0.962024762348443
-2.69375 -0.924879065787979
-2.6625 -0.901769970812844
-2.63125 -0.890203836016065
-2.6 -0.888685721693418
-2.56875 -0.896414488357866
-2.5375 -0.913120210116953
-2.50625 -0.938988443606422
-2.475 -0.974646064870982
-2.44375 -1.02120055436626
-2.4125 -1.08033730622075
-2.38125 -1.15449293683964
-2.35 -1.24714183455998
-2.31875 -1.36326654717093
-2.2875 -1.51014677759981
-2.25625 -1.69873518811444
-2.225 -1.94618763162571
-2.19375 -2.2808489193375
-2.1625 -2.75299780630982
-2.13125 -3.46094834475242
-2.1 -4.62609832545195
-2.06875 -6.8726643576849
-2.0375 -12.9061079011167
-2.00625 -79.5444346748869
-1.975 20.4852755777323
-1.94375 9.40545053840501
-1.9125 6.26394063674437
-1.88125 4.79533896357163
-1.85 3.95565845306532
-1.81875 3.42114353575889
-1.7875 3.05872651506144
-1.75625 2.80383403751473
-1.725 2.62151747739951
-1.69375 2.49139298346637
-1.6625 2.4009625472892
-1.63125 2.34234884351727
-1.6 2.31058287640289
-1.56875 2.30266471696927
-1.5375 2.31704253317177
-1.50625 2.3533397867886
-1.475 2.41224901055568
-1.44375 2.49555885473255
-1.4125 2.60631375125755
-1.38125 2.74913630584939
-1.35 2.93078331121594
-1.31875 3.1610743062526
-1.2875 3.45446075375955
-1.25625 3.8327712681832
-1.225 4.33026748036719
-1.19375 5.00361231679664
-1.1625 5.95335775614498
-1.13125 7.37614615975359
-1.1 9.7148064834491
-1.06875 14.2178243899606
-1.0375 26.2961948485252
-1.00625 159.586022066494
-0.975 -40.4584192660214
-0.94375 -18.2818444840248
-0.9125 -11.9797864677736
-0.88125 -9.02123142521913
-0.85 -7.31796813817084
-0.81875 -6.22220480566149
-0.7875 -5.46747364567232
-0.75625 -4.92423352838524
-0.725 -4.52211764851415
-0.69375 -4.21979686574616
-0.6625 -3.99160023486829
-0.63125 -3.82095655098755
-0.6 -3.69693260224462
-0.56875 -3.61230527474554
-0.5375 -3.56245289475159
-0.50625 -3.54471805385032
-0.475 -3.55806729056963
-0.44375 -3.60296309652012
-0.4125 -3.68141817365129
-0.38125 -3.79724452245447
-0.35 -3.95655747014152
-0.31875 -4.16866674137062
-0.2875 -4.44761822046543
-0.25625 -4.81491890565514
-0.225 -5.30457766344981
-0.19375 -5.97306220317599
-0.1625 -6.92077839151853
-0.13125 -8.34426534322125
-0.0999999999999996 -10.686287131794
-0.0687499999999996 -15.1952998167704
-0.0374999999999996 -27.2823021553449
-0.00624999999999964 -160.583434704408
0.0250000000000004 39.4469581004892
0.0562500000000004 17.2534904340728
0.0875000000000004 10.9315549640297
0.11875 7.94996005743881
0.15 6.22027281140399
0.18125 5.09443009808367
0.2125 4.30563542304324
0.24375 3.72395154294507
0.275 3.27853523993598
0.30625 2.92748402639511
0.3375 2.64443511122383
0.36875 2.41197878239646
0.4 2.21815952422412
0.43125 2.05449859065772
0.4625 1.91481839892832
0.49375 1.79451348477836
0.525 1.69008193477937
0.55625 1.59881484735349
0.5875 1.51858497122625
0.61875 1.447699449941
0.65 1.38479509132615
0.68125 1.3287625014902
0.7125 1.27869021685978
0.74375 1.23382294875664
0.775 1.19352995408492
0.80625 1.15728078222891
0.8375 1.12462646947642
0.86875 1.09518480758624
0.9 1.0686286948498
0.93125 1.04467684440814
0.9625 1.0230863131222
0.99375 1.00364644945111
1.025 0.986173952512243
1.05625 0.970508836916599
1.0875 0.9565110593526
1.11875 0.944057756820861
1.15 0.9330409217106
1.18125 0.923365455277666
1.2125 0.914947527396689
1.24375 0.907713188592862
1.275 0.901597190982396
1.30625 0.896541983083503
1.3375 0.892496850038044
1.36875 0.889417176008695
1.4 0.88726380968965
1.43125 0.886002517221142
1.4625 0.885603509504351
1.49375 0.886041033109317
1.525 0.88729301575917
1.55625 0.88934075884038
1.5875 0.892168670595421
1.61875 0.895764034650997
1.65 0.900116809361998
1.68125 0.905219454140197
1.7125 0.911066779512597
1.74375 0.917655818137755
1.775 0.92498571441581
1.80625 0.933057630672056
1.8375 0.941874668186503
1.86875 0.951441801590549
1.9 0.961765825364823
1.93125 0.972855311355081
1.9625 0.984720576380114
1.99375 0.997373659142042
2.025 1.01082830132505
2.05625 1.02509995899316
2.0875 1.04020577704595
2.11875 1.05616461544334
2.15 1.07299705996719
2.18125 1.09072544404674
2.2125 1.10937387696849
2.24375 1.12896827831237
2.275 1.14953641850255
2.30625 1.17110796540283
2.3375 1.19371453692588
2.36875 1.2173897596619
2.4 1.24216933356551
2.43125 1.26809110277276
2.4625 1.29519513265011
2.49375 1.32352379320704
2.525 1.35312184903273
2.55625 1.38403655594534
2.5875 1.41631776457023
2.61875 1.4500180310913
2.65 1.4851927354473
2.68125 1.52190020727321
2.7125 1.56020185991532
2.74375 1.60016233287771
2.775 1.64184964308806
2.80625 1.6853353454014
2.8375 1.7306947027927
2.86875 1.77800686672234
2.9 1.82735506819316
2.93125 1.8788268200545
2.9625 1.93251413114597
2.99375 1.98851373291445
3.025 2.04692731018323
3.05625 2.10786179067968
3.0875 2.17142955958343
3.11875 2.23774877897058
3.15 2.30694367892946
3.18125 2.37914487482696
3.2125 2.45448970279278
3.24375 2.53312257446339
3.275 2.61519535209331
3.30625 2.70086774521027
3.3375 2.79030773006425
3.36875 2.88369199319913
3.4 2.98120640055722
3.43125 3.08304649361627
3.4625 3.1894180141509
3.49375 3.30053745931006
3.525 3.41663266880765
3.55625 3.53794344613528
3.5875 3.66472221582547
3.61875 3.79723471892035
3.65 3.93576074893534
3.68125 4.08059493075129
3.7125 4.23204754502031
3.74375 4.39044540083322
3.775 4.55613275956937
3.80625 4.72947231303268
3.8375 4.91084621917429
3.86875 5.10065719890971
3.9 5.29932969776017
3.93125 5.50731111628475
3.9625 5.72507311351995
3.99375 5.95311298791262
4.025 6.19195511330426
4.05625 6.44215259776478
4.0875 6.70428876521383
4.11875 6.97897900441448
4.15 7.2668725886278
4.18125 7.56865463304327
4.2125 7.88504817022179
4.24375 8.21681635091561
4.275 8.5647647781056
4.30625 8.92974398260145
4.3375 9.31265204908945
4.36875 9.71443740208957
4.4 10.1361017618946
4.43125 10.5787032812208
4.4625 11.0433598739975
4.49375 11.5312527484645
4.525 12.043630157547
4.55625 12.5818113803186
4.5875 13.1471909492739
4.61875 13.741243139093
4.65 14.365526733614
4.68125 15.0216900888282
4.7125 15.7114765108879
4.74375 16.4367299693694
4.775 17.1994011673744
4.80625 18.0015539914807
4.8375 18.8453723660813
4.86875 19.733167538282
4.9 20.6673858212647
4.93125 21.6506168258944
4.9625 22.6856022123228
4.99375 23.775244995476
5.025 24.9226193310496
5.05625 26.1309814746834
5.0875 27.4037803278115
