0 0 0 0
0.0625 0.117426632851684 0.0414958851018309 0.0225854127273954
0.125 0.220624225646149 0.077843595357496 0.042356685472009
0.1875 0.31088591931765 0.10940046958184 0.0594983136856839
0.25 0.389400391535702 0.13650427529237 0.0741859630956249
0.3125 0.457259768091651 0.159474150315168 0.0865868219121359
0.375 0.515466959093229 0.178611502651501 0.0968599405506109
0.4375 0.564942460624406 0.194200870353712 0.10515655927538
0.5 0.606530659712633 0.206510743088694 0.111620424160486
0.5625 0.641005677822288 0.215794346999684 0.116388091750318
0.625 0.669076785648738 0.222290394412209 0.119589222791227
0.6875 0.691393419710044 0.226223799867626 0.121346865393795
0.75 0.708549829111522 0.227806363907769 0.121777727974329
0.8125 0.721089378881755 0.227237425976591 0.120992442313333
0.875 0.72950853443739 0.224704487749349 0.11909581705829
0.9375 0.734260550018998 0.220383808146731 0.116187081987874
1 0.735758882342885 0.214440971240177 0.112360123344896
1.0625 0.734380349226071 0.207031428205618 0.107703710535684
1.125 0.730468051556287 0.198301014435659 0.102301714484349
1.1875 0.724334075688766 0.188386442874957 0.0962333179213474
1.25 0.716261992150475 0.17741577460002 0.0895732178770249
1.3125 0.706509165414108 0.165508867622852 0.0823918206423452
1.375 0.695308888463053 0.152777804857728 0.0747554294507717
1.4375 0.682872354899442 0.139327302151815 0.0667264251272894
1.5 0.669390480445289 0.125255097243332 0.0583634399428084
1.5625 0.655035584847181 0.110652320475342 0.0497215249046745
1.625 0.639962944413631 0.0956038480591658 0.0408523107067226
1.6875 0.624312224687152 0.0801886386485512 0.0318041625552386
1.75 0.608208802076558 0.0644800539542673 0.0226223290803337
1.8125 0.591764982645599 0.0485461640985484 0.013349085535582
1.875 0.575081125668482 0.0324500383797624 0.00402387148232114
1.9375 0.558246679018131 0.0162500220898109 -0.00531657685124902
2 0.541341132946451 0 -0.0146380993521002
2.0625 0.524434898344647 -0.0162503528945744 -0.0239089897673625
2.125 0.507590115133558 -0.0324553328067437 -0.0330998782397955
2.1875 0.490861396026504 -0.0485729802233834 -0.0421836184668098
2.25 0.47429651052839 -0.0645648640869469 -0.0511351793214751
2.3125 0.457937013682697 -0.0803958765952476 -0.0599315407791575
2.375 0.441818823750652 -0.0960340381432531 -0.0685515939984785
2.4375 0.425972752702674 -0.111450311950741 -0.0769760454101782
2.5 0.410424993119494 -0.126618427938947 -0.0851873246722159
2.5625 0.395197564837623 -0.141514715437835 -0.0931694963540396
2.625 0.38030872442982 -0.156117944323364 -0.100908175217415
2.6875 0.36577334038443 -0.170409174201154 -0.108390444965529
2.75 0.351603236636892 -0.184371611269315 -0.115604780336283
2.8125 0.337807506911107 -0.197990472508828 -0.122540972419729
2.875 0.32439280214672 -0.211252856864972 -0.12919005708357
2.9375 0.311363593119715 -0.224147623097642 -0.135544246394449
3 0.298722410207184 -0.236665273992293 -0.141596862926441
3.0625 0.286470062101749 -0.24879784663648 -0.147342276851757
3.125 0.274605835146296 -0.260538808479715 -0.152775845712158
3.1875 0.263127674834459 -0.271882958906528 -0.157893856772901
3.25 0.252032350906193 -0.282826336064367 -0.162693471864354
3.3125 0.241315607360038 -0.293366128699154 -0.167172674619538
3.375 0.230972298603746 -0.303500592762087 -0.17133022001893
3.4375 0.220996512872273 -0.3132289725616 -0.175165586156833
3.5 0.211381683956229 -0.322551426244261 -0.178678928146489
3.5625 0.202120692204206 -0.331468955397878 -0.181871034083894
3.625 0.193205955688577 -0.339983338579172 -0.184743282992971
3.6875 0.184629512355956 -0.348097068577067 -0.18729760467738
3.75 0.176383093920068 -0.355813293231004 -0.189536441406755
3.8125 0.168458192196101 -0.363135759631686 -0.191462711367634
3.875 0.160846118521173 -0.370068761539304 -0.193079773811702
3.9375 0.153538056855209 -0.376617089861664 -0.194391395836275
4 0.146525111109873 -0.382785986041644 -0.195401720734172
4.0625 0.139798347210043 -0.388581098210159 -0.196115237852301
4.125 0.133348830352368 -0.394008439967276 -0.196536753900332
4.1875 0.127167657888518 -0.399074351660286 -0.196671365652891
4.25 0.121245988226494 -0.403785464033474 -0.196524433990636
4.3125 0.11557506611184 -0.408148664130002 -0.196101559227498
4.375 0.110146244621297 -0.412171063331731 -0.19540855767317
4.4375 0.104951004174482 -0.415859967428045 -0.194451439381738
4.5 0.0999809688441808 -0.419222848609676 -0.19323638703903
4.5625 0.0952279202228174 -0.422267319288319 -0.19176973594296
4.625 0.0906838090813519 -0.425001107647399 -0.190057955032714
4.6875 0.0863407650372013 -0.427432034833688 -0.188107628924214
4.75 0.082191104429646 -0.429567993703681 -0.185925440910786
4.8125 0.0782273365844375 -0.431416929042611 -0.183518156889419
4.875 0.0744421686338846 -0.432986819177844 -0.180892610174416
4.9375 0.0708285090444609 -0.434285658912023 -0.178055687161596
5 0.0673794699908547 -0.435321443704854 -0.175014313807537
5.0625 0.0640883687032932 -0.436102155035777 -0.171775442889622
5.125 0.060948727903839 -0.436635746882959 -0.168346042013872
5.1875 0.0579542754371053 -0.436930133257129 -0.164733082338773
5.25 0.0550989431914045 -0.436993176731689 -0.160943527984434
5.3125 0.0523768653976662 -0.436832677913348 -0.156984326097539
5.375 0.0497823763854824 -0.436456365800207 -0.15286239754365
5.4375 0.0473100078683079 -0.435871888976782 -0.14858462819943
5.5 0.0449544858231047 -0.435086807597898 -0.144157860818403
5.5625 0.0427107270235411 -0.434108586115733 -0.139588887444825
5.625 0.040573835280177 -0.432944586706525 -0.134884442351169
5.6875 0.0385390974358698 -0.43160206335559 -0.130051195475684
5.75 0.0366019791598612 -0.430088156561347 -0.12509574633731
5.8125 0.0347581205796393 -0.428409888620982 -0.120024618406153
5.875 0.0330033317856748 -0.426574159462272 -0.114844253908466
5.9375 0.0313335882404666 -0.424587742987831 -0.109561009045969
6 0.0297450261199963 -0.422457283899778 -0.104181149610017
6.0625 0.0282339376126323 -0.420189294974419 -0.0987108469719508
6.125 0.0267967661977403 -0.417790154758098 -0.0931561744316253
6.1875 0.0254301019237171 -0.415266105656844 -0.0875231039068241
6.25 0.0241306767028464 -0.41262325239385 -0.0818175029469489
6.3125 0.0228953596382745 -0.409867560810178 -0.0760451320549971
6.375 0.0217211523964828 -0.407004856985333 -0.0702116423024805
6.4375 0.0206051846368988 -0.404040826655625 -0.064322573222536
6.5 0.0195447095087084 -0.400981014909352 -0.0583833509670616
6.5625 0.0185370992235041 -0.397830826138994 -0.0523992867142696
6.625 0.0175798407111076 -0.394595524231627 -0.0463755753135988
6.6875 0.0166705313647437 -0.39128023297983 -0.0403172941554424
6.75 0.0158068748806809 -0.387889936696263 -0.0342294022536582
6.8125 0.014986677196514 -0.384429481016054 -0.0281167395293146
6.875 0.014207842531405 -0.380903573872001 -0.0219840262845963
6.9375 0.0134683695308387 -0.37731678662841 -0.0158358628562416
7 0.0127663475177632 -0.373673555360204 -0.0096767294383341
7.0625 0.0120999528513764 -0.369978182264678 -0.00351098606467768
7.125 0.0114674453942757 -0.366234837194014 0.00265712725859885
7.1875 0.0108671650882064 -0.362447559297325 0.00882349027917035
7.25 0.010297528638217 -0.358620258761679 0.0149841020919651
7.3125 0.00975702630465616 -0.354756718642149 0.0211350806081537
7.375 0.00924421880211475 -0.350860596771542 0.0272726619075502
7.4375 0.00875773430412959 -0.346935427741004 0.0333931994819501
7.5 0.0082962655522175 -0.342984624943246 0.0394931633766151
7.5625 0.00785856706759193 -0.339011482670626 0.0455691392367885
7.625 0.00744345246373208 -0.335019178260815 0.0516178272658289
7.6875 0.00704979185781894 -0.331010774283231 0.057636041101256
7.75 0.00667650937892316 -0.326989220759838 0.0636207066147223
7.8125 0.00632258077072288 -0.322957357414358 0.069568860641646
7.875 0.00598703108644405 -0.31891791594429 0.0754776496459972
7.9375 0.00566893247364793 -0.314873522310526 0.0813443283254561
8 0.00536740204644019 -0.310826699039711 0.087166258161935
8.0625 0.00508159984263987 -0.306779867534802 0.0929409059222249
8.125 0.0048107268634239 -0.302735350389608 0.0986658421132901
8.1875 0.00455402319295217 -0.298695373703418 0.104338739396533
8.25 0.00431076619547751 -0.294662069392045 0.109957370965137
8.3125 0.00408026878745395 -0.290637477491957 0.115519608888398
8.375 0.0038618777821734 -0.286623548454355 0.121023422426759
8.4375 0.00365497230448493 -0.282622145426339 0.126466876321098
8.5 0.00345896227318095 -0.278635046516508 0.1318481290596
8.5625 0.00327328694866992 -0.274663947042571 0.137165431125431
8.625 0.00309741354359562 -0.270710461758723 0.142417123228216
8.6875 0.00293083589410641 -0.266776127060763 0.1476016345222
8.75 0.00277307318952565 -0.262862403167087 0.152717480813806
8.8125 0.00262366875822378 -0.258970676273869 0.157763262761159
8.875 0.00248218890754529 -0.255102260682893 0.162737664068017
8.9375 0.00234822181569706 -0.251258400900675 0.167639449674399
9 0.00222137647356023 -0.247440273707624 0.172467463946091
9.0625 0.0021012816744438 -0.243648990196143 0.177220628865072
9.125 0.00198758504985496 -0.2398855977767 0.181897942222796
9.1875 0.00187995214941862 -0.236151082151003 0.186498475818149
9.25 0.0017780655631358 -0.232446369251532 0.19102137366179
9.3125 0.00168162408422795 -0.228772327146793 0.195465850188474
9.375 0.0015903419108713 -0.225129767911733 0.199831188478891
9.4375 0.00150394788518166 -0.221519449462877 0.204116738492394
9.5 0.00142218476786631 -0.217942077357804 0.20832191531198
9.5625 0.00134480854701446 -0.21439830655868 0.212446197402718
9.625 0.00127158777955218 -0.210888743159632 0.216489124884808
9.6875 0.00120230296394105 -0.207413946077818 0.22045029782232
9.75 0.00113674594275194 -0.203974428708103 0.224329374528618
9.8125 0.00107471933379653 -0.200570660541339 0.228126069889384
9.875 0.00101603598854912 -0.197203068746267 0.231840153704103
9.9375 0.000960518476640075 -0.193872039715132 0.235471449046785
10 0.000907998595249697 -0.190577920573155 0.239019830646652
10.0625 0.000858316902277563 -0.187321020652038 0.242485223289446
10.125 0.000811322272207259 -0.184101612927709 0.245867600239967
10.1875 0.000766871473630065 -0.180919935422595 0.249166981686385
10.25 0.000724828767433405 -0.17777619257268 0.252383433206821
10.3125 0.000685065524700845 -0.174670556559714 0.255517064258646
10.375 0.000647459863410094 -0.171603168608882 0.258568026690891
10.4375 0.000611896303053756 -0.168574140252362 0.26153651328012
10.5 0.00057826543634469 -0.165583554559132 0.264422756290085
10.5625 0.000546463617203568 -0.162631467331485 0.267227026055416
10.625 0.000516392664260751 -0.159717908268684 0.269949629589578
10.6875 0.000487959579137883 -0.156842882098226 0.272590909217302
10.75 0.000461076278806667 -0.154006369675181 0.275151241231621
10.8125 0.000435659341353158 -0.151208329050127 0.277631034575659
10.875 0.000411629764505628 -0.148448696506158 0.280030729549242
10.9375 0.000388912736312637 -0.145727387565494 0.282350796540411
11 0.000367437417385405 -0.143044297966223 0.284591734781862
11.0625 0.000347136734144991 -0.140399304609697 0.286754071132317
11.125 0.000327947182540124 -0.137792266479125 0.288838358882806
11.1875 0.000309808641725849 -0.135223025529912 0.290845176587835
11.25 0.000292664197216521 -0.132691407552286 0.292775126921345
11.3125 0.000276459973049036 -0.130197223006767 0.294628835557399
11.375 0.000261144972513665 -0.127740267833028 0.296406950075483
11.4375 0.000246670927030411 -0.125320324232711 0.298110138890294
11.5 0.000232992152768506 -0.122937161426736 0.299739090205875
11.5625 0.000220065414625527 -0.120590536387673 0.301294510993936
11.625 0.000207849797200645 -0.11828019454772 0.302777125996184
11.6875 0.000196306582413812 -0.116005870482835 0.304187676750483
11.75 0.000185399133439205 -0.113767288573576 0.305526920640628
11.8125 0.000175092784637019 -0.111564163643187 0.306795629969529
11.875 0.000165354737182839 -0.109396201573471 0.307994591055573
11.9375 0.000156153960108214 -0.107263099898988 0.309124603351924
12 0.000147461096479877 -0.105164548380102 0.310186478588526
12.0625 0.000139248374458172 -0.103100229555405 0.311181039936538
12.125 0.000131489522987878 -0.101069819274044 0.312109121194943
12.1875 0.000124159691886575 -0.0990729872084528 0.312971565999064
12.25 0.000117235376107161 -0.0971093973479998 0.313769227050693
12.3125 0.000110694343962075 -0.0951787084740569 0.314502965369567
12.375 0.000104515569107174 -0.0932805746169755 0.315173649565877
12.4375 9.86791660931619E-05 -0.0914146454954598 0.315782155133537
12.5 9.31663293019668E-05 -0.0895805669388152 0.316329363763887
12.5625 8.79592750944527E-05 -0.0877779812925433 0.316816162679548
12.625 8.30411870045037E-05 -0.0860065278077462 0.317243443988104
12.6875 7.8396163822694E-05 -0.084265843014797 0.317612104055305
12.75 7.40091704205853E-05 -0.0825555610817244 0.317923042897474
12.8125 6.98659911741311E-05 -0.0808753141577505 0.318177163592811
12.875 6.59531858517575E-05 -0.0792247327024139 0.31837537171125
12.9375 6.22580478394385E-05 -0.0776034458007022 0.318518574762591
13 5.87685645815074E-05 -0.0760110814646091 0.318607681662538
13.0625 5.54733801220629E-05 -0.0744472669215239 0.318643602216354
13.125 5.23617596376435E-05 -0.0729116288898511 0.318627246619812
13.1875 4.9423555857385E-05 -0.0714037938422527 0.318559524977088
13.25 4.66491772721385E-05 -0.069923388256895 0.31844134683532
13.3125 4.40295580390378E-05 -0.068470038857074 0.318273620735468
13.375 4.15561294927704E-05 -0.0670433728395868 0.31805725377919
13.4375 3.92207931793342E-05 -0.0656430180922056 0.317793151211393
13.5 3.70158953323703E-05 -0.0642686034006062 0.31748221601815
13.5625 3.49342027162565E-05 -0.0629197586450915 0.317125348539666
13.625 3.29688797640384E-05 -0.061596114987445 0.316723446097975
13.6875 3.11134669419703E-05 -0.0602973050482402 0.316277402639065
13.75 2.93618602759565E-05 -0.0590229630749243 0.31578810838911
13.8125 2.77082919785183E-05 -0.0577727251009877 0.315256449524502
13.875 2.61473121180865E-05 -0.0565462290965202 0.314683307855391
13.9375 2.46737712754312E-05 -0.0553431151104521 0.314069560522413
14 2.32828041348999E-05 -0.0541630254047666 0.313416079706312
14.0625 2.19698139608564E-05 -0.0530056045809639 0.312723732350171
14.125 2.07304579122877E-05 -0.0518704996990524 0.311993379893933
14.1875 1.95606331510006E-05 -0.0507573603893304 0.311225878020945
14.25 1.84564637011503E-05 -0.0496658389572203 0.310422076416227
14.3125 1.74142880200551E-05 -0.0485955904814058 0.309582818536182
14.375 1.64306472423418E-05 -0.0475462729055188 0.30870894138946
14.4375 1.55022740614576E-05 -0.0465175471236135 0.307801275328718
14.5 1.46260822144688E-05 -0.0455090770596618 0.306860643852976
14.5625 1.37991565378578E-05 -0.0445205297412932 0.305887863420323
14.625 1.30187435637268E-05 -0.0435515753680017 0.304883743270689
14.6875 1.22822426274282E-05 -0.04260188737403 0.303849085258431
14.75 1.15871974591691E-05 -0.0416711424861405 0.302784683694465
14.8125 1.09312882335872E-05 -0.0407590207764716 0.301691325197701
14.875 1.03123240526693E-05 -0.039865205710678 0.300569788555514
14.9375 9.72823583868622E-06 -0.0389893841915406 0.299420844593021
15 9.17706961505477E-06 -0.0381312465982328 0.298245256050903
15.0625 8.65698015420914E-06 -0.0372904868214202 0.297043777471548
15.125 8.16622497267312E-06 -0.036466802294367 0.295817155093269
15.1875 7.70315865457962E-06 -0.0356598940202164 0.294566126752367
15.25 7.26622748588054E-06 -0.0348694665956084 0.293291421792818
15.3125 6.85396438243678E-06 -0.0340952282307911 0.29199376098335
15.375 6.46498409607418E-06 -0.0333368907663794 0.290673856441698
15.4375 6.09797868354131E-06 -0.032594169686908 0.289332411565819
15.5 5.75171322410953E-06 -0.031866784131322 0.287970120971853
15.5625 5.42502177231892E-06 -0.0311544569005437 0.286587670438622
15.625 5.11680353309629E-06 -0.0304569144622489 0.285185736858469
15.6875 4.82601924715616E-06 -0.0297738869529836 0.283764988194228
15.75 4.55168777524412E-06 -0.0291051081777449 0.282326083442139
15.8125 4.29288287039652E-06 -0.0284503156071481 0.280869672600498
15.875 4.04873012797229E-06 -0.0278092503722977 0.279396396643878
15.9375 3.81840410376389E-06 -0.0271816572574742 0.277906887502715
16 3.60112559101629E-06 -0.0265672846907469 0.276401768048091
16.0625 3.39615904767726E-06 -0.0259658847326179 0.274881652081527
16.125 3.20281016567039E-06 -0.0253772130628004 0.27334714432962
16.1875 3.02042357442528E-06 -0.0248010289652275 0.271798840443354
16.25 2.84838067131918E-06 -0.0242370953113887 0.270237327001912
16.3125 2.68609757208151E-06 -0.0236851785420843 0.268663181520834
16.375 2.53302317458886E-06 -0.0231450486476868 0.267076972464355
16.4375 2.38863732983414E-06 -0.022616479146994 0.265479259261778
16.5 2.25244911419051E-06 -0.0220992470647562 0.263870592327716
16.5625 2.12399519740985E-06 -0.0215931329079559 0.262251513086067
16.625 2.00283830109725E-06 -0.0210979206409177 0.260622553997569
16.6875 1.88856574268908E-06 -0.0206133976593194 0.258984238590799
16.75 1.78078806023218E-06 -0.0201393547631775 0.257337081496474
16.8125 1.67913771351828E-06 -0.0196755861288723 0.255681588484916
16.875 1.58326785736912E-06 -0.0192218892802805 0.254018256506556
16.9375 1.49285118309764E-06 -0.0187780650590759 0.252347573735351
17 1.40757882438696E-06 -0.0183439175942601 0.250670019614971
17.0625 1.32715932403407E-06 -0.0179192542709804 0.248986064907654
17.125 1.25131765819946E-06 -0.0175038856986903 0.247296171745603
17.1875 1.17979431498715E-06 -0.0170976256787074 0.245600793684795
17.25 1.11234442435357E-06 -0.0167002911712183 0.243900375761118
17.3125 1.04873693650789E-06 -0.0163117022617806 0.242195354548695
17.375 9.88753846121732E-07 -0.0159316821273695 0.240486158220305
17.4375 9.32189459813366E-07 -0.0155600570020133 0.238773206609793
17.5 8.78849704510394E-07 -0.0151966561420615 0.237056911276369
17.5625 8.28551474426351E-07 -0.0148413117911275 0.23533767557069
17.625 7.81122014511151E-07 -0.0144938591447447 0.23361589470263
17.6875 7.3639833835275E-07 -0.0141541363147743 0.231891955810661
17.75 6.94226678618693E-07 -0.0138219842936015 0.230166238032721
17.8125 6.5446196823128E-07 -0.0134972469181539 0.228439112578514
17.875 6.16967350569578E-07 -0.013179770833776 0.226710942803137
17.9375 5.81613717085442E-07 -0.0128694054579914 0.224982084281951
18 5.48279270809655E-07 -0.0125660029441816 0.22325288488662
18.0625 5.16849114308258E-07 -0.0122694181452122 0.221523684862243
18.125 4.87214860728645E-07 -0.0119795085770318 0.219794816905489
18.1875 4.59274266650045E-07 -0.0116961343822712 0.218066606243672
18.25 4.3293088552405E-07 -0.0114191582938668 0.216339370714692
18.3125 4.08093740557919E-07 -0.0111484455987318 0.21461342084777
18.375 3.84677015956866E-07 -0.0108838641014986 0.212889059944907
18.4375 3.62599765501451E-07 -0.0106252840883516 0.21116658416301
18.5 3.41785637492912E-07 -0.0103725782909727 0.209446282596607
18.5625 3.22162615152815E-07 -0.0101256218506176 0.207728437361115
18.625 3.03662771614014E-07 -0.00988429228233994 0.206013323676563
18.6875 2.86222038687787E-07 -0.00964846943938293 0.204301209951753
18.75 2.69779988637202E-07 -0.00941803547775148 0.202592357868773
18.8125 2.54279628229497E-07 -0.00919287482098249 0.200887022467825
18.875 2.39667204380649E-07 -0.00897287412512629 0.199185452232312
18.9375 2.25892020743444E-07 -0.0087579222439531 0.197487889174125
19 2.12906264626416E-07 -0.00854791019439712 0.195794568919099
19.0625 2.00664843665091E-07 -0.00834273112225004 0.194105720792568
19.125 1.89125231699153E-07 -0.00814228026811519 0.192421567905005
19.1875 1.78247323339554E-07 -0.00794645493363254 0.190742327237664
19.25 1.67993296738333E-07 -0.0077551544479844 0.189068209728221
19.3125 1.58327484101029E-07 -0.00756828013469066 0.187399420356345
19.375 1.49216249507245E-07 -0.00738573527870206 0.185736158229174
19.4375 1.40627873629112E-07 -0.00720742509379916 0.184078616666657
19.5 1.32532444960308E-07 -0.00703325669030419 0.182426983286721
19.5625 1.24901757189893E-07 -0.0068631390431123 0.180781440090234
19.625 1.17709212375649E-07 -0.00669698296004837 0.179142163545727
19.6875 1.10929729590888E-07 -0.00653470105055472 0.177509324673844
19.75 1.0453965873691E-07 -0.00637620769471486 0.17588308913149
19.8125 9.85166992305274E-08 -0.00622141901261773 0.174263617295649
19.875 9.28398232922737E-08 -0.00607025283406657 0.17265106434684
19.9375 8.74892035763147E-08 -0.00592262866863597 0.171045580352184
20 8.24461448975423E-08 -0.00577846767608028 0.169447310348063
20.0625 7.76930198250369E-08 -0.00563769263709638 0.16785639442234
20.125 7.32132079240101E-08 -0.00550022792444293 0.166272967796116
20.1875 6.89910384405497E-08 -0.00536599947441843 0.164697160905008
20.25 6.50117362350173E-08 -0.00523493475869956 0.163129099479915
20.3125 6.12613707808389E-08 -0.00510696275654138 0.161568904627269
20.375 5.77268080557102E-08 -0.00498201392734025 0.160016692908731
20.4375 5.4395665161944E-08 -0.00486002018356032 0.158472576420335
20.5 5.12562675218564E-08 -0.00474091486402404 0.156936662871039
20.5625 4.82976085027437E-08 -0.00462463270756678 0.155409055660694
20.625 4.55093113341716E-08 -0.00451110982705563 0.153889853957385
20.6875 4.28815931880176E-08 -0.0044002836837719 0.152379152774159
20.75 4.04052312989897E-08 -0.00429209306215681 0.150877043045099
20.8125 3.80715310102234E-08 -0.00418647804491965 0.149383611700754
20.875 3.58722956350519E-08 -0.00408337998850723 0.147898941742899
20.9375 3.37997980321736E-08 -0.00398274149893364 0.14642311231861
21 3.184675379723E-08 -0.00388450640796872 0.144956198793662
21.0625 3.00062959792669E-08 -0.00378861974968377 0.143498272825218
21.125 2.8271951235712E-08 -0.00369502773735282 0.142049402433814
21.1875 2.66376173443672E-08 -0.00360367774070731 0.140609652074626
21.25 2.50975419955122E-08 -0.00351451826354249 0.139179082708011
21.3125 2.36463027915501E-08 -0.00342749892167298 0.137757751869316
21.375 2.22787883857235E-08 -0.00334257042123539 0.136345713737947
21.4375 2.09901806952912E-08 -0.00325968453733552 0.134943019205693
21.5 1.9775938128205E-08 -0.00317879409303742 0.133549715944298
21.5625 1.86317797657682E-08 -0.00309985293869185 0.132165848472276
21.625 1.75536704470074E-08 -0.00302281593160119 0.130791458220966
21.6875 1.65378067035544E-08 -0.00294763891601794 0.129426583599825
21.75 1.55806034967318E-08 -0.00287427870347399 0.128071260060945
21.8125 1.46786817112649E-08 -0.00280269305343742 0.126725520162809
21.875 1.38288563626224E-08 -0.00273284065429378 0.125389393633262
21.9375 1.30281254774211E-08 -0.00266468110464878 0.124062907431719
22 1.22736596086233E-08 -0.00259817489494891 0.122746085810579
22.0625 1.15627919494261E-08 -0.00253328338941686 0.12143895037588
22.125 1.08930090117831E-08 -0.0024699688082983 0.120141520147158
22.1875 1.02619418374292E-08 -0.00240819421041661 0.118853811616534
22.25 9.66735771110163E-09 -0.00234792347603209 0.117575838807023
22.3125 9.10715234736434E-09 -0.00228912129000223 0.116307613330055
22.375 8.57934252406845E-09 -0.00223175312523939 0.115049144442229
22.4375 8.08205913700702E-09 -0.00217578522646246 0.11380043910128
22.5 7.61354065176809E-09 -0.00212118459423877 0.112561502021273
22.5625 7.17212693015051E-09 -0.00206791896931281 0.111332335727025
22.625 6.75625340979217E-09 -0.00201595681721799 0.11011294060775
22.6875 6.36444561687231E-09 -0.0019652673131679 0.10890331496994
22.75 5.99531399289344E-09 -0.00191582032722332 0.107703455089469
22.8125 5.64754901762711E-09 -0.00186758640973145 0.106513355262944
22.875 5.31991661132609E-09 -0.00182053677703359 0.105333007858284
22.9375 5.01125380026567E-09 -0.0017746432974376 0.104162403364548
23 4.72046463058287E-09 -0.00172987847745156 0.103001530441002
23.0625 4.44651631623734E-09 -0.00168621544827487 0.101850375965444
23.125 4.1884356077237E-09 -0.00164362795254321 0.100708925081771
23.1875 3.94530536892617E-09 -0.00160209033132365 0.0995771612468138
23.25 3.71626135022358E-09 -0.00156157751135626 0.0984550662764248
23.3125 3.50048914663003E-09 -0.00152206499253867 0.0973426203908396
23.375 3.29722133039493E-09 -0.00148352883564987 0.0962398022593046
23.4375 3.10573474808847E-09 -0.00144594565030971 0.0951465890439834
23.5 2.92534797276666E-09 -0.00140929258317044 0.0940629564431427
23.5625 2.75541890234642E-09 -0.00137354730633691 0.0929888787336257
23.625 2.59534249582609E-09 -0.00133868800601158 0.0919243288126177
23.6875 2.44454863946415E-09 -0.00130469337136112 0.0908692782387072
23.75 2.30250013547837E-09 -0.00127154258360094 0.089823697272252
23.8125 2.16869080625186E-09 -0.00123921530529419 0.088787554915053
23.875 2.0426437074327E-09 -0.00120769166986182 0.0877608189493427
23.9375 1.92390944369109E-09 -0.00117695227130027 0.0867434559760947
24 1.81206458125397E-09 -0.00114697815410337 0.0857354314526596
24.0625 1.70671015167258E-09 -0.0011177508033851 0.0847367097297338
24.125 1.60747024159529E-09 -0.00108925213519988 0.0837472540876677
24.1875 1.51399066361637E-09 -0.00106146448705716 0.0827670267721187
24.25 1.42593770355297E-09 -0.00103437060862681 0.0817959890290572
24.3125 1.34299693976837E-09 -0.00100795365263241 0.08083410113913
24.375 1.26487213040978E-09 -0.000982197165928891 0.0798813224513888
24.4375 1.19128416466513E-09 -0.000957085080761638 0.0789376114163906
24.5 1.12197007436632E-09 -0.000932601706203698 0.0780029256186765
24.5625 1.056682102476E-09 -0.000908731719768142 0.0770772218086334
24.625 9.95186825193442E-10 -0.000885460159192432 0.0761604559337504
24.6875 9.37264324601531E-10 -0.000862772414391782 0.0752525831692714
24.75 8.82707408953246E-10 -0.000840654219578512 0.0743535579482529
24.8125 8.31320877861939E-10 -0.000819091645544446 0.0734633339910349
24.875 7.82920829816429E-10 -0.000798071092103403 0.0725818643341305
24.9375 7.37334009589572E-10 -0.000777579280690915 0.0717091013585396
25 6.94397193248201E-10 -0.000757603247118316 0.0708449968174979
25.0625 6.53956608603669E-10 -0.00073813033447837 0.0699895018636637
25.125 6.15867389065999E-10 -0.000719148186199687 0.0691425670757509
25.1875 5.79993058981392E-10 -0.000700644739247158 0.068304142484617
25.25 5.46205048642927E-10 -0.000682608217465728 0.0674741775988101
25.3125 5.14382237268029E-10 -0.000665027125064825 0.0666526214295831
25.375 4.84410522334162E-10 -0.000647890240240824 0.0658394225153835
25.4375 4.56182413756452E-10 -0.000631186608934946 0.0650345289458223
25.5 4.29596651477901E-10 -0.000614905538724044 0.064237888385132
25.5625 4.04557845124904E-10 -0.000599036592841755 0.0634494480951196
25.625 3.8097613445805E-10 -0.000583569584327531 0.0626691549576208
25.6875 3.58766869421124E-10 -0.000568494570301113 0.0618969554964622
25.75 3.3785030865992E-10 -0.000553801846360033 0.0611327958989406
25.8125 3.18151335447273E-10 -0.000539481941097779 0.0603766220368231
25.875 2.99599190011811E-10 -0.000525525610740272 0.0596283794868756
25.9375 2.82127217325493E-10 -0.000511923833898384 0.0588880135509292
26 2.65672629459293E-10 -0.000498667806434201 0.058155469275487
26.0625 2.50176281667569E-10 -0.000485748936438827 0.0574306914708803
26.125 2.35582461409905E-10 -0.000473158839319524 0.0567136247299819
26.1875 2.21838689564671E-10 -0.000460889332994038 0.0560042134464801
26.25 2.08895533131455E-10 -0.000448932433189983 0.0553024018327222
26.3125 1.967064287599E-10 -0.000437280348847196 0.0546081339371342
26.375 1.85227516480611E-10 -0.000425925477621017 0.0539213536612216
26.4375 1.74417483049679E-10 -0.00041486040148446 0.0532420047761584
26.5 1.64237414352257E-10 -0.000404077882427306 0.0525700309389722
26.5625 1.54650656342496E-10 -0.000393570858250149 0.0519053757083292
26.625 1.45622684027267E-10 -0.000383332438451494 0.0512479825599273
26.6875 1.37120978029421E-10 -0.000373355900205999 0.050597794901503
26.75 1.29114908293077E-10 -0.000363634684432028 0.0499547560874583
26.8125 1.21575624518626E-10 -0.000354162391946676 0.049318809433113
26.875 1.14475952938873E-10 -0.00034493277970649 0.048689898228591
26.9375 1.07790299070121E-10 -0.000335939757132113 0.0480679657523432
27 1.0149455609311E-10 -0.000327177382515131 0.0474529552843156
27.0625 9.55660185385969E-11 -0.00031863985950543 0.0468448101187676
27.125 8.99833009710971E-11 -0.000310321533677382 0.0462434735767473
27.1875 8.47262613819963E-11 -0.000302216889173236 0.0456488890182268
27.25 7.9775929019862E-11 -0.000294320545422103 0.0450609998539082
27.3125 7.51144364014935E-11 -0.000286627253932947 0.0444797495567009
27.375 7.07249552620333E-11 -0.000279131895160051 0.0439050816728794
27.4375 6.65916362163999E-11 -0.000271829475439413 0.0433369398329261
27.5 6.26995519174395E-11 -0.000264715123994605 0.042775267762064
27.5625 5.90346435085758E-11 -0.000257784090010606 0.0422200092904856
27.625 5.55836701804033E-11 -0.000251031739774185 0.0416711083632838
27.6875 5.23341616516695E-11 -0.000244453553879414 0.0411285090500894
27.75 4.92743734054511E-11 -0.00023804512449694 0.0405921555544201
27.8125 4.63932445210996E-11 -0.000231802152705631 0.0400619922227483
27.875 4.3680357951734E-11 -0.000225720445885298 0.0395379635532905
27.9375 4.11259031057346E-11 -0.000219795915169152 0.0390200142045252
28 3.87206405988651E-11 -0.000214024572954737 0.0385080890034434
28.0625 3.64558690513545E-11 -0.000208402530472066 0.0380021329535374
28.125 3.43233938115299E-11 -0.00020292599540774 0.0375020912425321
28.1875 3.2315497494435E-11 -0.000197591269583825 0.0370079092498649
28.25 3.04249122303103E-11 -0.000192394746690313 0.0365195325539176
28.3125 2.86447935238948E-11 -0.000187332910069998 0.0360369069390059
28.375 2.69686956312263E-11 -0.000182402330554631 0.0355599784021323
28.4375 2.53905483660169E-11 -0.000177599664351227 0.035088693159504
28.5 2.39046352527634E-11 -0.000172921650977439 0.0346229976528242
28.5625 2.25055729485406E-11 -0.000168365111244922 0.0341628385553581
28.625 2.1188291859943E-11 -0.000163926945289628 0.0337081627777809
28.6875 1.99480178858911E-11 -0.000159604130648006 0.0332589174738089
28.75 1.87802552210278E-11 -0.0001553937203781 0.0328150500456223
28.8125 1.7680770158208E-11 -0.000151292841224544 0.0323765081490801
28.875 1.66455758321413E-11 -0.000147298691826489 0.0319432396987331
28.9375 1.5670917849603E-11 -0.000143408540967513 0.0315151928726402
29 1.47532607547862E-11 -0.000139619725866578 0.0310923161169898
29.0625 1.38892752813467E-11 -0.000135929650509125 0.0306745581505318
29.125 1.30758263454972E-11 -0.000132335784017409 0.0302618679688252
29.1875 1.2309961737148E-11 -0.0001288356590592 0.0298541948483022
29.25 1.15889014685865E-11 -0.000125426870293994 0.0294514883501562
29.3125 1.09100277425289E-11 -0.000122107072855893 0.0290536983240548
29.375 1.02708755035925E-11 -0.000118873980872326 0.0286607749116839
29.4375 9.66912353931762E-12 -0.000115725366017813 0.028272668550124
29.5 9.10258609883214E-12 -0.000112659056101982 0.0278893299750656
29.5625 8.56920499909893E-12 -0.00010967293369106 0.0275107102238637
29.625 8.0670421904312E-12 -0.000106764934762088 0.0271367606384386
29.6875 7.59427275459976E-12 -0.000103933047389119 0.0267674328680233
29.75 7.14917831040421E-12 -0.000101175310460669 0.0264026788717637
29.8125 6.73014080303611E-12 -9.84898124277232E-05 0.0260424509211725
29.875 6.3356366549355E-12 -9.58746900815811E-05 0.0256867016024426
29.9375 5.964231257135E-12 -9.33281273608883E-05 0.0253353838186209
