2 -0.118367940103363 3.21103091150257 8.60596197637852
3 -0.417737392391783 1.09474511324827 3.60325744895535
4 -0.477869091932378 0.417297445375668 1.83481491529387
5 -0.491361845741621 0.141155561323343 1.03958053667451
6 -0.494333917499432 0.0132234666086422 0.626188262915057
7 -0.494950375343916 -0.0506926236509966 0.38984882772545
8 -0.495070533911525 -0.0842180964934477 0.245460330369838
9 -0.495092785618731 -0.102373863959999 0.152874753067869
10 -0.495096746302707 -0.112394354813417 0.0913107211467001
11 -0.495097430026167 -0.117968403752655 0.0492265319676758
12 -0.495097545238775 -0.121063907173273 0.019846872217691
13 -0.495097564277823 -0.122766825606795 -0.000989652877090243
14 -0.495097567373812 -0.123689397580277 -0.0159384269988465
15 -0.495097567870504 -0.124179668515011 -0.0267502351245504
16 -0.495097567949278 -0.124434695095043 -0.0346119986209506
17 -0.49509756796165 -0.124564475511798 -0.0403470114584799
18 -0.495097567963577 -0.124629126079693 -0.0445367401805217
19 -0.495097567963871 -0.124660694965517 -0.047597525656435
20 -0.49509756796392 -0.124675831024618 -0.0498305528518261
21 -0.495097567963923 -0.124682969694334 -0.0514554046387478
22 -0.495097567963925 -0.124686287307843 -0.0526331396684377
23 -0.495097567963927 -0.124687808988957 -0.0534824428248283
24 -0.495097567963925 -0.124688498777127 -0.0540910667755789
25 -0.495097567963923 -0.124688808182211 -0.0545240141376815
26 -0.495097567963923 -0.1246889456535 -0.0548294398020368
27 -0.495097567963925 -0.124689006209929 -0.0550429488384267
28 -0.495097567963923 -0.124689032677256 -0.0551907594744682
29 -0.495097567963925 -0.12468904416288 -0.0552920573199948
30 -0.495097567963925 -0.124689049114545 -0.0553607663404411
