10 -0.225112035811216 2.53788580778405 7.0679720388353
20 -0.482357828069965 0.342489400042502 1.62681071534411
30 -0.494545728605193 -0.00318604875346756 0.568483232012812
40 -0.495078397679874 -0.0887730060894033 0.223653080863488
50 -0.495096991958638 -0.113784292616231 0.0816028894389997
60 -0.495097552150656 -0.121491209560322 0.0150979154360724
70 -0.495097567555417 -0.123814065911991 -0.0183872197887256
80 -0.495097567953824 -0.124468201853739 -0.0359076396006391
90 -0.495097567963687 -0.124637389884268 -0.0452281676384699
100 -0.49509756796392 -0.124677720985892 -0.0501982997951513
110 -0.495097567963926 -0.124686693807846 -0.0528260812569715
120 -0.495097567963926 -0.124688582025301 -0.054189958042435
130 -0.495097567963925 -0.124688962041708 -0.0548785377345171
140 -0.495097567963927 -0.124689035800561 -0.0552142283367394
150 -0.495097567963926 -0.124689049693893 -0.0553715344947749
160 -0.495097567963925 -0.124689052245668 -0.0554422859526196
170 -0.495097567963925 -0.124689052704354 -0.0554728655064496
180 -0.495097567963924 -0.124689052785283 -0.0554856042469817
190 -0.495097567963923 -0.124689052799332 -0.0554907384199793
200 -0.495097567963924 -0.124689052801738 -0.0554927482324853
