0.2 0.324721943532537 0.115536701804939 0.0636142076321239
0.4 0.532416635371905 0.18601121613969 0.102064525239653
0.6 0.654715849912969 0.221138971393791 0.120554056039891
0.8 0.715651481320897 0.228987418613453 0.123503733956675
1 0.733367344835796 0.21622130401334 0.114650124325723
1.2 0.721460894013093 0.188314317579459 0.0971323737797588
1.4 0.690032533631988 0.149731502861771 0.0735694015836048
1.6 0.646504414677175 0.104086191580523 0.0461283554657442
1.8 0.596257698442314 0.0542748449772239 0.0165852264004911
2 0.543127097891978 0.00259267910560667 -0.013621554615866
2.2 0.489783485731654 -0.0491673298414482 -0.0433438131147166
2.4 0.438028814729329 -0.0996298869350777 -0.0716819346706085
2.6 0.389022541848009 -0.147765267186866 -0.0979481900125285
2.8 0.343454674318303 -0.192828001583564 -0.121634537415515
3 0.301677302642156 -0.234304847251872 -0.142384419609492
3.2 0.263803978471226 -0.271870784512952 -0.159968107665023
3.4 0.22978425225383 -0.305351896413477 -0.174261207440238
3.6 0.199459087497837 -0.33469418011141 -0.185225972014932
3.8 0.172601635515996 -0.359937431888195 -0.192895103609759
4 0.148946835806981 -0.381193474143271 -0.197357757811621
4.2 0.128212557475116 -0.398628098922227 -0.19874749727304
4.4 0.110114351676201 -0.412446171837346 -0.197231966201553
4.6 0.0943754557577363 -0.422879426264689 -0.193004081700234
4.8 0.0807332526606102 -0.430176530192651 -0.186274559198958
5 0.068943161601681 -0.434595089159004 -0.177265605845532
5.2 0.0587806685033859 -0.436395266206721 -0.16620564056351
5.4 0.0500420305238311 -0.435834767539365 -0.153324909528297
5.6 0.0425440837198833 -0.433164963341359 -0.138851885327825
5.8 0.0361234431716042 -0.428627962623095 -0.123010338455576
6 0.0306353164713116 -0.422454468681264 -0.106016999293623
6.2 0.0259521161432072 -0.414862284453697 -0.0880797254288464
6.4 0.021961957473298 -0.406055341215527 -0.0693961075786327
6.6 0.0185671377109944 -0.396223158785236 -0.0501524440331529
6.8 0.0156826675244335 -0.385540645391016 -0.0305230340570039
7 0.0132348507512925 -0.37416817638132 -0.0106697380797295
7.2 0.0111599812662349 -0.36225187383149 0.00925823407498871
7.4 0.00940313627178052 -0.349924057715195 0.0291243486644646
7.6 0.00791707242801447 -0.337303813324572 0.0488046181002094
7.8 0.00666124803318132 -0.324497650715715 0.0681873453347126
8 0.00560094126337948 -0.311600211641014 0.0871727662043051
8.2 0.0047064635347489 -0.298695020655855 0.105672610844433
8.4 0.00395248365650338 -0.285855251361849 0.123609603497543
8.6 0.00331741091712397 -0.273144493575475 0.140916918099208
8.8 0.00278287258559467 -0.260617507302041 0.157537600308424
9 0.00233326013795432 -0.248320961855583 0.173423970571894
9.2 0.00195532257117299 -0.236294151651385 0.18853701460952
9.4 0.00163782800038097 -0.224569673701525 0.202845773367239
9.6 0.00137126807609723 -0.213174075054754 0.216326735334971
9.8 0.00114759086585016 -0.202128462979309 0.228963241599599
10 0.000959999410029111 -0.191449079671157 0.240744903938838
10.2 0.000802750948252895 -0.181147832282786 0.251667040558167
10.4 0.000671000930198648 -0.171232789346993 0.261730133483593
10.6 0.00056066805047528 -0.161708639187416 0.270939309254067
10.8 0.000468310624762129 -0.152577110159819 0.27930384608917
11 0.000391031398594253 -0.143837356192961 0.286836704038032
11.2 0.000326397774234787 -0.135486307545057 0.293554084160955
11.4 0.000272360177133326 -0.127518992185997 0.299475012546732
11.6 0.000227199682748626 -0.11992882420424 0.304620953198023
11.8 0.000189472478657421 -0.112707865828106 0.309015445946148
12 0.000157962765079484 -0.105847061114348 0.312683771410653
12.2 0.000131656551909234 -0.0993364465982819 0.315652641193107
12.4 0.000109701689611006 -0.0931653391652503 0.317949911181128
12.6 9.13833410796364E-05 -0.0873225010134398 0.319604321355977
12.8 7.61062281982174E-05 -0.0817962869012619 0.320645255695545
13 6.33668014051769E-05 -0.076574774162859 0.321102527279911
13.2 5.27471538013088E-05 -0.0716458751734434 0.321006178551783
13.4 4.3897566039753E-05 -0.0669974354701269 0.320386306424611
13.6 3.65250035171956E-05 -0.062617318244375 0.319272902328553
13.8 3.03840471032619E-05 -0.058493480347295 0.317695712882619
14 2.52717491669555E-05 -0.0546140292855925 0.315684112915017
14.2 2.10133884563093E-05 -0.0509672801732731 0.313266996920505
14.4 1.74697886009594E-05 -0.0475417954549846 0.31047268250642
14.6 1.4520094380233E-05 -0.0443264260787595 0.307328827876485
14.8 1.20663344171458E-05 -0.0413103331574157 0.303862360946572
15 1.00252880293846E-05 -0.0384830168006126 0.300099420634452
15.2 8.32851137853683E-06 -0.0358343301019497 0.296065307656668
15.4 6.9166215505228E-06 -0.0333544939730154 0.291784443682272
15.6 5.74455974653594E-06 -0.0310341028587956 0.287280340109834
15.8 4.76984816112748E-06 -0.0288641309373623 0.282575575902329
16 3.96048559071915E-06 -0.0268359349489254 0.277691781082782
16.2 3.28824265350151E-06 -0.0249412506005084 0.272649625604391
16.4 2.72912970735981E-06 -0.0231721921222111 0.267468814193827
16.6 2.26412961042427E-06 -0.0215212437924488 0.262168089078826
16.8 1.87855631953809E-06 -0.0199812559449722 0.256765235213776
17 1.55702916413329E-06 -0.018545434404755 0.251277089054612
17.2 1.2912377708361E-06 -0.01720733349181 0.2457195502343
17.4 1.07022211453049E-06 -0.0159608444075667 0.240107599034422
17.6 8.87122827597348E-07 -0.0148001831347067 0.234455314912023
17.8 7.35936928393565E-07 -0.0137198820639984 0.228775897068947
18 6.10780659519272E-07 -0.0127147761040636 0.223081686762698
18.2 5.06358401237847E-07 -0.0117799924980144 0.217384192197051
18.4 4.20711500343606E-07 -0.010910934982973 0.211694114347087
18.6 3.48421902788042E-07 -0.0101032765531365 0.206021373649257
18.8 2.88376158014317E-07 -0.00935294450790155 0.200375136981946
19 2.38796972194587E-07 -0.00865610989236883 0.194763846633357
19.2 1.96555810897231E-07 -0.00800917399980183 0.189195247748414
19.4 1.626803093894E-07 -0.00740875862820192 0.183676417980477
19.6 1.34575229814778E-07 -0.00685169504527856 0.178213795014589
19.8 1.112082338619E-07 -0.00633501173972927 0.172813206622914
20 9.29024733217342E-08 -0.0058559250234377 0.167479897628881
20.2 7.73234561324207E-08 -0.00541182774718483 0.162218558666934
20.4 6.42613048118383E-08 -0.00500028099581014 0.157033353023939
20.6 5.40080733777346E-08 -0.00461900390421487 0.151927944693016
20.8 4.44945921535733E-08 -0.00426586407084371 0.146905523780659
21 3.6639916955394E-08 -0.00393886958275224 0.141968832054176
21.2 3.0485090258747E-08 -0.00363616032275695 0.137120189075161
21.4 2.41301767330583E-08 -0.0033560015311767 0.132361516113062
21.6 2.02593301654606E-08 -0.00309677335826635 0.127694358937898
21.8 1.63848486106824E-08 -0.00285696643894614 0.123119909797013
22 1.35033643643525E-08 -0.00263517365863026 0.118639031129492
22.2 1.17590409887066E-08 -0.00243008513844062 0.114252276387653
22.4 9.80602183224575E-09 -0.00224048006219989 0.109959908062382
22.6 8.40926516899782E-09 -0.00206522223938512 0.105761917360921
22.8 7.59841446785454E-09 -0.00190325468293627 0.101658043460168
23 6.49394178237504E-09 -0.00175359432997237 0.0976477921666096
23.2 5.52386083760912E-09 -0.00161532685077437 0.0937304492100469
23.4 4.66697016924272E-09 -0.00148760221064827 0.0899050977248843
23.6 2.67445444271619E-09 -0.00136963048279864 0.0861706325913158
23.8 2.3589437220254E-09 -0.00126067826644845 0.0825257758606529
24 1.18306639003049E-09 -0.00116006385278766 0.0789690879696292
24.2 1.19778381277334E-09 -0.00106715428172594 0.0754989809452501
24.4 1.03746198003246E-09 -0.000981361509090296 0.0721137301515478
24.6 1.25373193575929E-09 -0.000902140596983435 0.0688114845066762
24.8 1.26653588907153E-09 -0.000828984824847245 0.0655902774199034
25 1.89066457389612E-09 -0.000761423950207784 0.0624480354869158
25.2 1.53756750837911E-09 -0.000699021889584181 0.0593825878226497
25.4 1.76841131058048E-09 -0.000641373875910657 0.0563916722252862
25.6 9.15483820768289E-10 -0.000588103646493532 0.0534729442572556
25.8 1.76909445292835E-10 -0.000538861606527312 0.0506239837191232
26 -8.78354774372608E-10 -0.000493324174378067 0.0478422998287416
26.2 -1.05569007128133E-09 -0.000451190132954354 0.0451253370736135
26.4 -1.00872392587102E-09 -0.00041217889318741 0.0424704794985856
26.6 9.22377931412964E-11 -0.000376029996788955 0.0398750564483761
26.8 1.76194241737197E-10 -0.000342501433497225 0.0373363437115056
27 5.00110565382925E-10 -0.000311367209521031 0.0348515686191976
27.2 2.22484574682276E-11 -0.000282415834436548 0.0324179123048651
27.4 5.91318012209278E-10 -0.00025545098613578 0.0300325118565424
27.6 6.59160174311322E-10 -0.000230288584348733 0.0276924610846249
27.8 7.07247945163507E-10 -0.000206755851317994 0.0253948117455874
28 -5.26463972413163E-10 -0.000184690185425513 0.0231365758869502
28.2 -1.62231879615008E-09 -0.00016393946544442 0.0209147244091408
28.4 -1.66223437311708E-09 -0.000144359057667442 0.0187261871617682
28.6 -8.61910836897349E-10 -0.000125811712319848 0.016567851546057
28.8 2.02295653766966E-10 -0.000108167157192995 0.0144365627080591
29 2.20545676553152E-10 -9.13016310054914E-05 0.0123291225595925
29.2 -2.5795346349389E-10 -7.50949411353236E-05 0.010242285842669
29.4 -5.47497564866349E-10 -5.94313563925775E-05 0.00817275909630385
29.6 3.6214285639338E-10 -4.41987878453107E-05 0.00611719592694494
29.8 9.70570880867929E-10 -2.92881840519379E-05 0.00407219724017713
30 1.16559945379154E-09 -1.4590993332468E-05 0.00203430508241334
